0.619607843137255
0.596078431372549
0.592156862745098
0.607843137254902
0.607843137254902
0.580392156862745
0.498039215686275
0.513725490196078
0.666666666666667
0.705882352941177
0.717647058823529
0.737254901960784
0.741176470588235
0.741176470588235
0.760784313725490
0.772549019607843
0.796078431372549
0.839215686274510
0.831372549019608
0.780392156862745
0.647058823529412
0.458823529411765
0.309803921568627
0.160784313725490
0.113725490196078
0.188235294117647
0.203921568627451
0.196078431372549
0.196078431372549
0.266666666666667
0.239215686274510
0.211764705882353
0.623529411764706
0.592156862745098
0.592156862745098
0.607843137254902
0.611764705882353
0.521568627450980
0.427450980392157
0.388235294117647
0.403921568627451
0.525490196078431
0.423529411764706
0.392156862745098
0.352941176470588
0.364705882352941
0.423529411764706
0.517647058823529
0.572549019607843
0.639215686274510
0.698039215686274
0.733333333333333
0.764705882352941
0.764705882352941
0.686274509803922
0.376470588235294
0.113725490196078
0.117647058823529
0.137254901960784
0.137254901960784
0.137254901960784
0.164705882352941
0.192156862745098
0.219607843137255
0.647058823529412
0.623529411764706
0.619607843137255
0.627450980392157
0.631372549019608
0.509803921568627
0.184313725490196
0.164705882352941
0.211764705882353
0.368627450980392
0.556862745098039
0.529411764705882
0.498039215686275
0.596078431372549
0.658823529411765
0.674509803921569
0.658823529411765
0.643137254901961
0.654901960784314
0.670588235294118
0.701960784313725
0.694117647058824
0.682352941176471
0.564705882352941
0.231372549019608
0.133333333333333
0.121568627450980
0.113725490196078
0.125490196078431
0.121568627450980
0.137254901960784
0.176470588235294
0.650980392156863
0.650980392156863
0.654901960784314
0.682352941176471
0.666666666666667
0.576470588235294
0.345098039215686
0.274509803921569
0.486274509803922
0.603921568627451
0.647058823529412
0.666666666666667
0.686274509803922
0.725490196078431
0.729411764705882
0.721568627450980
0.749019607843137
0.717647058823529
0.678431372549020
0.682352941176471
0.694117647058824
0.698039215686274
0.690196078431373
0.658823529411765
0.513725490196078
0.286274509803922
0.160784313725490
0.137254901960784
0.129411764705882
0.149019607843137
0.168627450980392
0.168627450980392
0.627450980392157
0.635294117647059
0.627450980392157
0.654901960784314
0.662745098039216
0.631372549019608
0.600000000000000
0.560784313725490
0.600000000000000
0.682352941176471
0.694117647058824
0.733333333333333
0.682352941176471
0.466666666666667
0.411764705882353
0.509803921568627
0.658823529411765
0.690196078431373
0.690196078431373
0.694117647058824
0.709803921568627
0.709803921568627
0.694117647058824
0.698039215686274
0.650980392156863
0.501960784313725
0.258823529411765
0.172549019607843
0.160784313725490
0.145098039215686
0.152941176470588
0.156862745098039
0.611764705882353
0.627450980392157
0.639215686274510
0.654901960784314
0.639215686274510
0.647058823529412
0.666666666666667
0.654901960784314
0.631372549019608
0.619607843137255
0.607843137254902
0.650980392156863
0.650980392156863
0.533333333333333
0.388235294117647
0.305882352941176
0.305882352941176
0.368627450980392
0.486274509803922
0.564705882352941
0.596078431372549
0.541176470588235
0.549019607843137
0.647058823529412
0.517647058823529
0.501960784313725
0.501960784313725
0.305882352941176
0.180392156862745
0.168627450980392
0.164705882352941
0.156862745098039
0.635294117647059
0.643137254901961
0.647058823529412
0.662745098039216
0.662745098039216
0.654901960784314
0.658823529411765
0.647058823529412
0.639215686274510
0.611764705882353
0.623529411764706
0.678431372549020
0.698039215686274
0.678431372549020
0.611764705882353
0.549019607843137
0.494117647058824
0.376470588235294
0.337254901960784
0.337254901960784
0.388235294117647
0.325490196078431
0.427450980392157
0.647058823529412
0.760784313725490
0.843137254901961
0.878431372549020
0.792156862745098
0.407843137254902
0.164705882352941
0.172549019607843
0.156862745098039
0.623529411764706
0.635294117647059
0.647058823529412
0.662745098039216
0.650980392156863
0.654901960784314
0.666666666666667
0.658823529411765
0.650980392156863
0.600000000000000
0.478431372549020
0.525490196078431
0.623529411764706
0.654901960784314
0.654901960784314
0.607843137254902
0.541176470588235
0.611764705882353
0.552941176470588
0.466666666666667
0.513725490196078
0.588235294117647
0.827450980392157
0.964705882352941
0.996078431372549
1.000000000000000
0.941176470588235
0.827450980392157
0.666666666666667
0.278431372549020
0.156862745098039
0.149019607843137
0.619607843137255
0.639215686274510
0.639215686274510
0.647058823529412
0.643137254901961
0.639215686274510
0.662745098039216
0.670588235294118
0.647058823529412
0.811764705882353
0.835294117647059
0.458823529411765
0.380392156862745
0.403921568627451
0.392156862745098
0.450980392156863
0.541176470588235
0.580392156862745
0.600000000000000
0.478431372549020
0.670588235294118
0.960784313725490
0.992156862745098
0.992156862745098
0.945098039215686
0.733333333333333
0.486274509803922
0.380392156862745
0.250980392156863
0.192156862745098
0.164705882352941
0.141176470588235
0.623529411764706
0.611764705882353
0.635294117647059
0.647058823529412
0.643137254901961
0.647058823529412
0.650980392156863
0.631372549019608
0.682352941176471
0.929411764705882
0.929411764705882
0.760784313725490
0.658823529411765
0.576470588235294
0.450980392156863
0.509803921568627
0.376470588235294
0.415686274509804
0.529411764705882
0.537254901960784
0.403921568627451
0.858823529411765
0.988235294117647
0.890196078431372
0.552941176470588
0.258823529411765
0.227450980392157
0.254901960784314
0.211764705882353
0.121568627450980
0.105882352941176
0.101960784313725
0.631372549019608
0.607843137254902
0.619607843137255
0.654901960784314
0.678431372549020
0.639215686274510
0.643137254901961
0.549019607843137
0.443137254901961
0.811764705882353
0.862745098039216
0.780392156862745
0.658823529411765
0.568627450980392
0.541176470588235
0.560784313725490
0.603921568627451
0.505882352941176
0.407843137254902
0.564705882352941
0.364705882352941
0.521568627450980
0.815686274509804
0.431372549019608
0.239215686274510
0.211764705882353
0.192156862745098
0.211764705882353
0.203921568627451
0.105882352941176
0.090196078431373
0.086274509803922
0.627450980392157
0.623529411764706
0.615686274509804
0.749019607843137
0.964705882352941
0.705882352941177
0.576470588235294
0.470588235294118
0.490196078431373
0.611764705882353
0.643137254901961
0.666666666666667
0.537254901960784
0.654901960784314
0.776470588235294
0.901960784313726
0.678431372549020
0.462745098039216
0.301960784313725
0.274509803921569
0.313725490196078
0.525490196078431
0.486274509803922
0.235294117647059
0.196078431372549
0.196078431372549
0.219607843137255
0.188235294117647
0.207843137254902
0.149019607843137
0.117647058823529
0.113725490196078
0.631372549019608
0.639215686274510
0.631372549019608
0.694117647058824
0.764705882352941
0.615686274509804
0.505882352941176
0.509803921568627
0.615686274509804
0.682352941176471
0.717647058823529
0.725490196078431
0.729411764705882
0.741176470588235
0.745098039215686
0.949019607843137
0.635294117647059
0.447058823529412
0.525490196078431
0.505882352941176
0.364705882352941
0.584313725490196
0.447058823529412
0.207843137254902
0.196078431372549
0.203921568627451
0.211764705882353
0.227450980392157
0.239215686274510
0.192156862745098
0.105882352941176
0.098039215686275
0.650980392156863
0.666666666666667
0.650980392156863
0.615686274509804
0.592156862745098
0.501960784313725
0.498039215686275
0.564705882352941
0.611764705882353
0.580392156862745
0.611764705882353
0.741176470588235
0.847058823529412
0.886274509803922
0.674509803921569
0.568627450980392
0.549019607843137
0.454901960784314
0.486274509803922
0.423529411764706
0.478431372549020
0.690196078431373
0.486274509803922
0.192156862745098
0.200000000000000
0.203921568627451
0.172549019607843
0.188235294117647
0.227450980392157
0.219607843137255
0.113725490196078
0.113725490196078
0.662745098039216
0.670588235294118
0.654901960784314
0.635294117647059
0.572549019607843
0.380392156862745
0.392156862745098
0.454901960784314
0.474509803921569
0.490196078431373
0.490196078431373
0.525490196078431
0.627450980392157
0.705882352941177
0.568627450980392
0.529411764705882
0.443137254901961
0.400000000000000
0.505882352941176
0.568627450980392
0.698039215686274
0.745098039215686
0.454901960784314
0.192156862745098
0.192156862745098
0.180392156862745
0.172549019607843
0.156862745098039
0.211764705882353
0.227450980392157
0.141176470588235
0.074509803921569
0.666666666666667
0.670588235294118
0.662745098039216
0.643137254901961
0.556862745098039
0.258823529411765
0.266666666666667
0.345098039215686
0.337254901960784
0.364705882352941
0.470588235294118
0.458823529411765
0.482352941176471
0.552941176470588
0.603921568627451
0.513725490196078
0.443137254901961
0.450980392156863
0.576470588235294
0.721568627450980
0.749019607843137
0.760784313725490
0.478431372549020
0.188235294117647
0.196078431372549
0.176470588235294
0.184313725490196
0.176470588235294
0.176470588235294
0.207843137254902
0.184313725490196
0.070588235294118
0.654901960784314
0.662745098039216
0.666666666666667
0.619607843137255
0.435294117647059
0.270588235294118
0.305882352941176
0.356862745098039
0.321568627450980
0.337254901960784
0.305882352941176
0.400000000000000
0.470588235294118
0.494117647058824
0.572549019607843
0.474509803921569
0.396078431372549
0.337254901960784
0.333333333333333
0.454901960784314
0.588235294117647
0.658823529411765
0.407843137254902
0.176470588235294
0.184313725490196
0.168627450980392
0.180392156862745
0.184313725490196
0.164705882352941
0.219607843137255
0.219607843137255
0.125490196078431
0.635294117647059
0.627450980392157
0.623529411764706
0.584313725490196
0.305882352941176
0.258823529411765
0.282352941176471
0.333333333333333
0.329411764705882
0.290196078431373
0.313725490196078
0.329411764705882
0.450980392156863
0.458823529411765
0.403921568627451
0.423529411764706
0.411764705882353
0.396078431372549
0.360784313725490
0.286274509803922
0.392156862745098
0.490196078431373
0.266666666666667
0.164705882352941
0.164705882352941
0.160784313725490
0.168627450980392
0.188235294117647
0.160784313725490
0.235294117647059
0.243137254901961
0.184313725490196
0.627450980392157
0.603921568627451
0.568627450980392
0.407843137254902
0.333333333333333
0.349019607843137
0.325490196078431
0.301960784313725
0.313725490196078
0.231372549019608
0.176470588235294
0.149019607843137
0.196078431372549
0.278431372549020
0.278431372549020
0.372549019607843
0.439215686274510
0.564705882352941
0.588235294117647
0.513725490196078
0.349019607843137
0.431372549019608
0.266666666666667
0.180392156862745
0.152941176470588
0.141176470588235
0.168627450980392
0.184313725490196
0.180392156862745
0.223529411764706
0.258823529411765
0.239215686274510
0.627450980392157
0.592156862745098
0.474509803921569
0.403921568627451
0.443137254901961
0.462745098039216
0.517647058823529
0.486274509803922
0.317647058823529
0.298039215686275
0.356862745098039
0.490196078431373
0.588235294117647
0.603921568627451
0.596078431372549
0.564705882352941
0.670588235294118
0.462745098039216
0.517647058823529
0.537254901960784
0.341176470588235
0.239215686274510
0.235294117647059
0.164705882352941
0.133333333333333
0.152941176470588
0.172549019607843
0.180392156862745
0.192156862745098
0.207843137254902
0.294117647058824
0.290196078431373
0.611764705882353
0.568627450980392
0.431372549019608
0.384313725490196
0.439215686274510
0.478431372549020
0.572549019607843
0.639215686274510
0.541176470588235
0.537254901960784
0.686274509803922
0.823529411764706
0.760784313725490
0.729411764705882
0.701960784313725
0.658823529411765
0.611764705882353
0.266666666666667
0.458823529411765
0.525490196078431
0.235294117647059
0.137254901960784
0.203921568627451
0.149019607843137
0.137254901960784
0.156862745098039
0.172549019607843
0.200000000000000
0.180392156862745
0.196078431372549
0.270588235294118
0.258823529411765
0.584313725490196
0.545098039215686
0.384313725490196
0.360784313725490
0.415686274509804
0.466666666666667
0.486274509803922
0.533333333333333
0.572549019607843
0.560784313725490
0.615686274509804
0.627450980392157
0.607843137254902
0.584313725490196
0.537254901960784
0.596078431372549
0.580392156862745
0.501960784313725
0.419607843137255
0.349019607843137
0.180392156862745
0.133333333333333
0.196078431372549
0.180392156862745
0.152941176470588
0.156862745098039
0.176470588235294
0.152941176470588
0.164705882352941
0.176470588235294
0.192156862745098
0.207843137254902
0.588235294117647
0.549019607843137
0.396078431372549
0.313725490196078
0.380392156862745
0.447058823529412
0.411764705882353
0.400000000000000
0.443137254901961
0.521568627450980
0.607843137254902
0.572549019607843
0.482352941176471
0.447058823529412
0.509803921568627
0.439215686274510
0.529411764705882
0.521568627450980
0.294117647058824
0.200000000000000
0.149019607843137
0.192156862745098
0.200000000000000
0.180392156862745
0.149019607843137
0.168627450980392
0.211764705882353
0.152941176470588
0.156862745098039
0.152941176470588
0.168627450980392
0.203921568627451
0.580392156862745
0.552941176470588
0.447058823529412
0.290196078431373
0.364705882352941
0.368627450980392
0.419607843137255
0.415686274509804
0.341176470588235
0.415686274509804
0.419607843137255
0.364705882352941
0.356862745098039
0.341176470588235
0.431372549019608
0.341176470588235
0.427450980392157
0.294117647058824
0.250980392156863
0.203921568627451
0.094117647058824
0.227450980392157
0.219607843137255
0.168627450980392
0.164705882352941
0.180392156862745
0.227450980392157
0.188235294117647
0.152941176470588
0.129411764705882
0.168627450980392
0.176470588235294
0.584313725490196
0.584313725490196
0.470588235294118
0.337254901960784
0.290196078431373
0.388235294117647
0.450980392156863
0.392156862745098
0.325490196078431
0.337254901960784
0.341176470588235
0.325490196078431
0.329411764705882
0.313725490196078
0.333333333333333
0.278431372549020
0.305882352941176
0.235294117647059
0.172549019607843
0.184313725490196
0.180392156862745
0.239215686274510
0.219607843137255
0.164705882352941
0.176470588235294
0.231372549019608
0.211764705882353
0.184313725490196
0.145098039215686
0.164705882352941
0.235294117647059
0.262745098039216
0.560784313725490
0.576470588235294
0.525490196078431
0.325490196078431
0.329411764705882
0.356862745098039
0.333333333333333
0.333333333333333
0.337254901960784
0.341176470588235
0.403921568627451
0.368627450980392
0.329411764705882
0.282352941176471
0.356862745098039
0.341176470588235
0.309803921568627
0.227450980392157
0.254901960784314
0.352941176470588
0.235294117647059
0.227450980392157
0.200000000000000
0.180392156862745
0.219607843137255
0.243137254901961
0.180392156862745
0.152941176470588
0.156862745098039
0.243137254901961
0.333333333333333
0.349019607843137
0.549019607843137
0.568627450980392
0.560784313725490
0.443137254901961
0.333333333333333
0.227450980392157
0.247058823529412
0.211764705882353
0.278431372549020
0.329411764705882
0.345098039215686
0.407843137254902
0.372549019607843
0.313725490196078
0.372549019607843
0.411764705882353
0.368627450980392
0.278431372549020
0.337254901960784
0.474509803921569
0.423529411764706
0.270588235294118
0.168627450980392
0.180392156862745
0.243137254901961
0.250980392156863
0.168627450980392
0.109803921568627
0.172549019607843
0.309803921568627
0.427450980392157
0.411764705882353
0.552941176470588
0.556862745098039
0.549019607843137
0.517647058823529
0.411764705882353
0.262745098039216
0.180392156862745
0.192156862745098
0.219607843137255
0.294117647058824
0.305882352941176
0.333333333333333
0.337254901960784
0.388235294117647
0.427450980392157
0.439215686274510
0.396078431372549
0.400000000000000
0.521568627450980
0.639215686274510
0.564705882352941
0.282352941176471
0.200000000000000
0.196078431372549
0.231372549019608
0.231372549019608
0.141176470588235
0.156862745098039
0.247058823529412
0.286274509803922
0.364705882352941
0.349019607843137
0.560784313725490
0.560784313725490
0.556862745098039
0.549019607843137
0.501960784313725
0.423529411764706
0.309803921568627
0.223529411764706
0.156862745098039
0.196078431372549
0.231372549019608
0.286274509803922
0.329411764705882
0.392156862745098
0.450980392156863
0.470588235294118
0.419607843137255
0.454901960784314
0.607843137254902
0.670588235294118
0.564705882352941
0.305882352941176
0.231372549019608
0.215686274509804
0.219607843137255
0.211764705882353
0.200000000000000
0.262745098039216
0.184313725490196
0.219607843137255
0.235294117647059
0.188235294117647
0.537254901960784
0.533333333333333
0.545098039215686
0.549019607843137
0.541176470588235
0.549019607843137
0.517647058823529
0.419607843137255
0.290196078431373
0.156862745098039
0.160784313725490
0.215686274509804
0.286274509803922
0.352941176470588
0.392156862745098
0.403921568627451
0.490196078431373
0.560784313725490
0.627450980392157
0.643137254901961
0.501960784313725
0.270588235294118
0.188235294117647
0.207843137254902
0.196078431372549
0.196078431372549
0.286274509803922
0.262745098039216
0.121568627450980
0.149019607843137
0.101960784313725
0.094117647058824
0.494117647058824
0.490196078431373
0.509803921568627
0.533333333333333
0.521568627450980
0.541176470588235
0.552941176470588
0.541176470588235
0.521568627450980
0.372549019607843
0.231372549019608
0.243137254901961
0.309803921568627
0.380392156862745
0.380392156862745
0.474509803921569
0.592156862745098
0.588235294117647
0.603921568627451
0.619607843137255
0.498039215686275
0.231372549019608
0.168627450980392
0.200000000000000
0.180392156862745
0.274509803921569
0.333333333333333
0.180392156862745
0.058823529411765
0.050980392156863
0.113725490196078
0.133333333333333
0.454901960784314
0.466666666666667
0.470588235294118
0.498039215686275
0.505882352941176
0.525490196078431
0.525490196078431
0.533333333333333
0.537254901960784
0.517647058823529
0.407843137254902
0.298039215686275
0.286274509803922
0.368627450980392
0.458823529411765
0.533333333333333
0.564705882352941
0.549019607843137
0.592156862745098
0.584313725490196
0.470588235294118
0.215686274509804
0.164705882352941
0.176470588235294
0.200000000000000
0.325490196078431
0.298039215686275
0.200000000000000
0.200000000000000
0.156862745098039
0.078431372549020
0.082352941176471
0.439215686274510
0.439215686274510
0.431372549019608
0.419607843137255
0.419607843137255
0.427450980392157
0.392156862745098
0.450980392156863
0.631372549019608
0.690196078431373
0.717647058823529
0.749019607843137
0.760784313725490
0.752941176470588
0.768627450980392
0.772549019607843
0.796078431372549
0.843137254901961
0.827450980392157
0.752941176470588
0.611764705882353
0.470588235294118
0.411764705882353
0.349019607843137
0.356862745098039
0.435294117647059
0.447058823529412
0.431372549019608
0.423529411764706
0.486274509803922
0.454901960784314
0.419607843137255
0.435294117647059
0.431372549019608
0.427450980392157
0.431372549019608
0.447058823529412
0.407843137254902
0.372549019607843
0.376470588235294
0.411764705882353
0.545098039215686
0.454901960784314
0.423529411764706
0.376470588235294
0.372549019607843
0.419607843137255
0.505882352941176
0.572549019607843
0.650980392156863
0.721568627450980
0.741176470588235
0.756862745098039
0.784313725490196
0.772549019607843
0.537254901960784
0.341176470588235
0.368627450980392
0.388235294117647
0.384313725490196
0.380392156862745
0.392156862745098
0.400000000000000
0.411764705882353
0.454901960784314
0.447058823529412
0.435294117647059
0.427450980392157
0.450980392156863
0.392156862745098
0.145098039215686
0.168627450980392
0.227450980392157
0.392156862745098
0.592156862745098
0.564705882352941
0.525490196078431
0.603921568627451
0.654901960784314
0.654901960784314
0.643137254901961
0.654901960784314
0.686274509803922
0.690196078431373
0.698039215686274
0.698039215686274
0.717647058823529
0.658823529411765
0.400000000000000
0.333333333333333
0.337254901960784
0.349019607843137
0.360784313725490
0.345098039215686
0.333333333333333
0.349019607843137
0.462745098039216
0.454901960784314
0.435294117647059
0.439215686274510
0.447058823529412
0.439215686274510
0.290196078431373
0.250980392156863
0.474509803921569
0.603921568627451
0.662745098039216
0.686274509803922
0.705882352941177
0.737254901960784
0.729411764705882
0.698039215686274
0.713725490196078
0.721568627450980
0.709803921568627
0.701960784313725
0.678431372549020
0.662745098039216
0.674509803921569
0.682352941176471
0.600000000000000
0.415686274509804
0.325490196078431
0.337254901960784
0.345098039215686
0.356862745098039
0.356862745098039
0.337254901960784
0.439215686274510
0.439215686274510
0.415686274509804
0.431372549019608
0.447058823529412
0.450980392156863
0.458823529411765
0.435294117647059
0.486274509803922
0.584313725490196
0.611764705882353
0.654901960784314
0.611764705882353
0.431372549019608
0.427450980392157
0.537254901960784
0.666666666666667
0.713725490196078
0.721568627450980
0.713725490196078
0.709803921568627
0.701960784313725
0.694117647058824
0.713725490196078
0.701960784313725
0.580392156862745
0.372549019607843
0.325490196078431
0.345098039215686
0.341176470588235
0.352941176470588
0.349019607843137
0.427450980392157
0.443137254901961
0.450980392156863
0.458823529411765
0.443137254901961
0.443137254901961
0.462745098039216
0.458823529411765
0.443137254901961
0.454901960784314
0.439215686274510
0.470588235294118
0.482352941176471
0.415686274509804
0.349019607843137
0.325490196078431
0.337254901960784
0.400000000000000
0.513725490196078
0.584313725490196
0.615686274509804
0.564705882352941
0.572549019607843
0.666666666666667
0.533333333333333
0.533333333333333
0.568627450980392
0.415686274509804
0.329411764705882
0.349019607843137
0.360784313725490
0.360784313725490
0.450980392156863
0.458823529411765
0.458823529411765
0.470588235294118
0.470588235294118
0.454901960784314
0.450980392156863
0.447058823529412
0.458823529411765
0.454901960784314
0.462745098039216
0.482352941176471
0.482352941176471
0.486274509803922
0.466666666666667
0.470588235294118
0.490196078431373
0.376470588235294
0.345098039215686
0.352941176470588
0.403921568627451
0.341176470588235
0.439215686274510
0.650980392156863
0.741176470588235
0.835294117647059
0.898039215686275
0.858823529411765
0.521568627450980
0.309803921568627
0.345098039215686
0.341176470588235
0.443137254901961
0.447058823529412
0.458823529411765
0.466666666666667
0.454901960784314
0.450980392156863
0.462745098039216
0.454901960784314
0.478431372549020
0.462745098039216
0.349019607843137
0.364705882352941
0.427450980392157
0.454901960784314
0.478431372549020
0.490196078431373
0.494117647058824
0.584313725490196
0.545098039215686
0.474509803921569
0.529411764705882
0.600000000000000
0.827450980392157
0.960784313725490
0.980392156862745
0.992156862745098
0.960784313725490
0.894117647058824
0.772549019607843
0.419607843137255
0.317647058823529
0.317647058823529
0.435294117647059
0.454901960784314
0.450980392156863
0.450980392156863
0.443137254901961
0.435294117647059
0.458823529411765
0.466666666666667
0.474509803921569
0.705882352941177
0.772549019607843
0.372549019607843
0.266666666666667
0.282352941176471
0.290196078431373
0.368627450980392
0.474509803921569
0.537254901960784
0.580392156862745
0.486274509803922
0.686274509803922
0.968627450980392
0.988235294117647
0.984313725490196
0.960784313725490
0.776470588235294
0.560784313725490
0.494117647058824
0.392156862745098
0.349019607843137
0.333333333333333
0.309803921568627
0.443137254901961
0.431372549019608
0.450980392156863
0.458823529411765
0.454901960784314
0.454901960784314
0.454901960784314
0.443137254901961
0.529411764705882
0.839215686274510
0.878431372549020
0.713725490196078
0.603921568627451
0.517647058823529
0.415686274509804
0.470588235294118
0.313725490196078
0.364705882352941
0.501960784313725
0.533333333333333
0.411764705882353
0.870588235294118
0.992156862745098
0.905882352941176
0.623529411764706
0.364705882352941
0.360784313725490
0.407843137254902
0.380392156862745
0.301960784313725
0.282352941176471
0.270588235294118
0.454901960784314
0.435294117647059
0.447058823529412
0.482352941176471
0.501960784313725
0.462745098039216
0.470588235294118
0.427450980392157
0.349019607843137
0.705882352941177
0.749019607843137
0.670588235294118
0.564705882352941
0.490196078431373
0.482352941176471
0.513725490196078
0.560784313725490
0.454901960784314
0.352941176470588
0.525490196078431
0.352941176470588
0.549019607843137
0.878431372549020
0.533333333333333
0.368627450980392
0.356862745098039
0.341176470588235
0.368627450980392
0.368627450980392
0.278431372549020
0.262745098039216
0.258823529411765
0.435294117647059
0.431372549019608
0.427450980392157
0.572549019607843
0.839215686274510
0.541176470588235
0.419607843137255
0.368627450980392
0.411764705882353
0.513725490196078
0.529411764705882
0.556862745098039
0.447058823529412
0.584313725490196
0.725490196078431
0.866666666666667
0.639215686274510
0.411764705882353
0.250980392156863
0.231372549019608
0.301960784313725
0.552941176470588
0.560784313725490
0.345098039215686
0.329411764705882
0.345098039215686
0.368627450980392
0.341176470588235
0.372549019607843
0.321568627450980
0.290196078431373
0.286274509803922
0.435294117647059
0.443137254901961
0.435294117647059
0.509803921568627
0.611764705882353
0.478431372549020
0.384313725490196
0.431372549019608
0.552941176470588
0.600000000000000
0.623529411764706
0.631372549019608
0.650980392156863
0.682352941176471
0.705882352941177
0.925490196078431
0.596078431372549
0.400000000000000
0.474509803921569
0.462745098039216
0.352941176470588
0.611764705882353
0.517647058823529
0.313725490196078
0.329411764705882
0.352941176470588
0.360784313725490
0.380392156862745
0.403921568627451
0.364705882352941
0.278431372549020
0.270588235294118
0.458823529411765
0.466666666666667
0.450980392156863
0.435294117647059
0.447058823529412
0.400000000000000
0.423529411764706
0.513725490196078
0.560784313725490
0.513725490196078
0.537254901960784
0.670588235294118
0.792156862745098
0.847058823529412
0.647058823529412
0.541176470588235
0.517647058823529
0.411764705882353
0.435294117647059
0.380392156862745
0.462745098039216
0.713725490196078
0.552941176470588
0.298039215686275
0.333333333333333
0.352941176470588
0.321568627450980
0.341176470588235
0.392156862745098
0.392156862745098
0.286274509803922
0.286274509803922
0.458823529411765
0.458823529411765
0.447058823529412
0.450980392156863
0.435294117647059
0.294117647058824
0.341176470588235
0.415686274509804
0.435294117647059
0.431372549019608
0.423529411764706
0.466666666666667
0.584313725490196
0.674509803921569
0.549019607843137
0.509803921568627
0.415686274509804
0.356862745098039
0.458823529411765
0.525490196078431
0.678431372549020
0.768627450980392
0.521568627450980
0.294117647058824
0.325490196078431
0.325490196078431
0.321568627450980
0.313725490196078
0.376470588235294
0.400000000000000
0.313725490196078
0.247058823529412
0.466666666666667
0.450980392156863
0.443137254901961
0.447058823529412
0.423529411764706
0.196078431372549
0.262745098039216
0.341176470588235
0.313725490196078
0.333333333333333
0.435294117647059
0.419607843137255
0.443137254901961
0.513725490196078
0.560784313725490
0.474509803921569
0.415686274509804
0.431372549019608
0.560784313725490
0.690196078431373
0.713725490196078
0.752941176470588
0.521568627450980
0.282352941176471
0.329411764705882
0.321568627450980
0.325490196078431
0.321568627450980
0.325490196078431
0.360784313725490
0.337254901960784
0.227450980392157
0.458823529411765
0.450980392156863
0.454901960784314
0.439215686274510
0.313725490196078
0.227450980392157
0.325490196078431
0.372549019607843
0.317647058823529
0.329411764705882
0.298039215686275
0.384313725490196
0.447058823529412
0.458823529411765
0.533333333333333
0.439215686274510
0.396078431372549
0.356862745098039
0.360784313725490
0.462745098039216
0.580392156862745
0.674509803921569
0.486274509803922
0.309803921568627
0.337254901960784
0.321568627450980
0.329411764705882
0.329411764705882
0.309803921568627
0.368627450980392
0.372549019607843
0.274509803921569
0.443137254901961
0.435294117647059
0.447058823529412
0.435294117647059
0.207843137254902
0.219607843137255
0.294117647058824
0.345098039215686
0.333333333333333
0.290196078431373
0.313725490196078
0.329411764705882
0.447058823529412
0.447058823529412
0.392156862745098
0.407843137254902
0.396078431372549
0.403921568627451
0.376470588235294
0.294117647058824
0.392156862745098
0.521568627450980
0.364705882352941
0.317647058823529
0.329411764705882
0.317647058823529
0.325490196078431
0.341176470588235
0.313725490196078
0.388235294117647
0.396078431372549
0.341176470588235
0.435294117647059
0.439215686274510
0.435294117647059
0.313725490196078
0.270588235294118
0.325490196078431
0.329411764705882
0.301960784313725
0.305882352941176
0.223529411764706
0.172549019607843
0.149019607843137
0.196078431372549
0.278431372549020
0.278431372549020
0.345098039215686
0.352941176470588
0.501960784313725
0.545098039215686
0.466666666666667
0.305882352941176
0.427450980392157
0.341176470588235
0.317647058823529
0.321568627450980
0.313725490196078
0.337254901960784
0.349019607843137
0.345098039215686
0.388235294117647
0.427450980392157
0.407843137254902
0.439215686274510
0.450980392156863
0.376470588235294
0.341176470588235
0.403921568627451
0.443137254901961
0.509803921568627
0.462745098039216
0.278431372549020
0.266666666666667
0.333333333333333
0.474509803921569
0.576470588235294
0.596078431372549
0.596078431372549
0.525490196078431
0.560784313725490
0.376470588235294
0.458823529411765
0.486274509803922
0.301960784313725
0.243137254901961
0.321568627450980
0.321568627450980
0.309803921568627
0.325490196078431
0.345098039215686
0.349019607843137
0.360784313725490
0.380392156862745
0.466666666666667
0.466666666666667
0.427450980392157
0.431372549019608
0.352941176470588
0.352941176470588
0.431372549019608
0.474509803921569
0.556862745098039
0.600000000000000
0.490196078431373
0.490196078431373
0.647058823529412
0.788235294117647
0.733333333333333
0.709803921568627
0.686274509803922
0.623529411764706
0.541176470588235
0.219607843137255
0.427450980392157
0.505882352941176
0.239215686274510
0.192156862745098
0.329411764705882
0.337254901960784
0.325490196078431
0.337254901960784
0.352941176470588
0.380392156862745
0.360784313725490
0.372549019607843
0.443137254901961
0.435294117647059
0.419607843137255
0.407843137254902
0.305882352941176
0.352941176470588
0.447058823529412
0.478431372549020
0.462745098039216
0.486274509803922
0.529411764705882
0.521568627450980
0.576470588235294
0.596078431372549
0.584313725490196
0.564705882352941
0.521568627450980
0.576470588235294
0.552941176470588
0.470588235294118
0.388235294117647
0.337254901960784
0.203921568627451
0.211764705882353
0.329411764705882
0.352941176470588
0.337254901960784
0.349019607843137
0.380392156862745
0.360784313725490
0.372549019607843
0.368627450980392
0.372549019607843
0.376470588235294
0.419607843137255
0.400000000000000
0.301960784313725
0.294117647058824
0.400000000000000
0.454901960784314
0.388235294117647
0.364705882352941
0.403921568627451
0.486274509803922
0.576470588235294
0.545098039215686
0.462745098039216
0.431372549019608
0.501960784313725
0.423529411764706
0.509803921568627
0.494117647058824
0.266666666666667
0.192156862745098
0.180392156862745
0.274509803921569
0.333333333333333
0.349019607843137
0.333333333333333
0.360784313725490
0.415686274509804
0.364705882352941
0.364705882352941
0.345098039215686
0.345098039215686
0.372549019607843
0.415686274509804
0.392156862745098
0.333333333333333
0.247058823529412
0.368627450980392
0.376470588235294
0.400000000000000
0.384313725490196
0.309803921568627
0.384313725490196
0.392156862745098
0.349019607843137
0.345098039215686
0.333333333333333
0.427450980392157
0.333333333333333
0.411764705882353
0.270588235294118
0.231372549019608
0.200000000000000
0.129411764705882
0.317647058823529
0.364705882352941
0.341176470588235
0.349019607843137
0.372549019607843
0.431372549019608
0.400000000000000
0.360784313725490
0.325490196078431
0.345098039215686
0.341176470588235
0.419607843137255
0.411764705882353
0.337254901960784
0.274509803921569
0.282352941176471
0.392156862745098
0.435294117647059
0.364705882352941
0.301960784313725
0.317647058823529
0.325490196078431
0.313725490196078
0.325490196078431
0.313725490196078
0.337254901960784
0.282352941176471
0.298039215686275
0.219607843137255
0.160784313725490
0.192156862745098
0.223529411764706
0.333333333333333
0.368627450980392
0.349019607843137
0.360784313725490
0.423529411764706
0.411764705882353
0.396078431372549
0.352941176470588
0.356862745098039
0.411764705882353
0.427450980392157
0.396078431372549
0.400000000000000
0.376470588235294
0.243137254901961
0.305882352941176
0.356862745098039
0.325490196078431
0.317647058823529
0.321568627450980
0.333333333333333
0.400000000000000
0.364705882352941
0.329411764705882
0.286274509803922
0.364705882352941
0.345098039215686
0.309803921568627
0.219607843137255
0.243137254901961
0.352941176470588
0.278431372549020
0.329411764705882
0.356862745098039
0.364705882352941
0.403921568627451
0.431372549019608
0.380392156862745
0.364705882352941
0.364705882352941
0.439215686274510
0.509803921568627
0.513725490196078
0.384313725490196
0.400000000000000
0.403921568627451
0.333333333333333
0.286274509803922
0.227450980392157
0.278431372549020
0.235294117647059
0.286274509803922
0.333333333333333
0.345098039215686
0.407843137254902
0.372549019607843
0.313725490196078
0.376470588235294
0.407843137254902
0.364705882352941
0.274509803921569
0.270588235294118
0.356862745098039
0.392156862745098
0.388235294117647
0.376470588235294
0.368627450980392
0.403921568627451
0.427450980392157
0.372549019607843
0.333333333333333
0.400000000000000
0.517647058823529
0.611764705882353
0.572549019607843
0.380392156862745
0.380392156862745
0.388235294117647
0.384313725490196
0.325490196078431
0.227450980392157
0.184313725490196
0.207843137254902
0.223529411764706
0.298039215686275
0.309803921568627
0.341176470588235
0.341176470588235
0.392156862745098
0.431372549019608
0.427450980392157
0.356862745098039
0.364705882352941
0.411764705882353
0.462745098039216
0.490196078431373
0.396078431372549
0.407843137254902
0.376470588235294
0.396078431372549
0.423529411764706
0.356862745098039
0.396078431372549
0.490196078431373
0.513725490196078
0.568627450980392
0.529411764705882
0.380392156862745
0.384313725490196
0.388235294117647
0.400000000000000
0.376470588235294
0.329411764705882
0.239215686274510
0.184313725490196
0.137254901960784
0.192156862745098
0.231372549019608
0.294117647058824
0.341176470588235
0.396078431372549
0.454901960784314
0.431372549019608
0.325490196078431
0.368627450980392
0.466666666666667
0.474509803921569
0.482352941176471
0.407843137254902
0.423529411764706
0.376470588235294
0.400000000000000
0.423529411764706
0.423529411764706
0.505882352941176
0.431372549019608
0.454901960784314
0.450980392156863
0.388235294117647
0.372549019607843
0.372549019607843
0.384313725490196
0.396078431372549
0.396078431372549
0.411764705882353
0.384313725490196
0.325490196078431
0.231372549019608
0.117647058823529
0.141176470588235
0.207843137254902
0.286274509803922
0.345098039215686
0.376470588235294
0.337254901960784
0.345098039215686
0.439215686274510
0.470588235294118
0.443137254901961
0.427450980392157
0.376470588235294
0.380392156862745
0.368627450980392
0.388235294117647
0.411764705882353
0.509803921568627
0.494117647058824
0.352941176470588
0.380392156862745
0.321568627450980
0.301960784313725
0.356862745098039
0.356862745098039
0.372549019607843
0.388235294117647
0.368627450980392
0.384313725490196
0.388235294117647
0.403921568627451
0.415686274509804
0.294117647058824
0.180392156862745
0.215686274509804
0.290196078431373
0.349019607843137
0.333333333333333
0.376470588235294
0.423529411764706
0.454901960784314
0.450980392156863
0.435294117647059
0.443137254901961
0.360784313725490
0.380392156862745
0.372549019607843
0.368627450980392
0.482352941176471
0.541176470588235
0.384313725490196
0.235294117647059
0.250980392156863
0.321568627450980
0.329411764705882
0.333333333333333
0.345098039215686
0.349019607843137
0.368627450980392
0.364705882352941
0.372549019607843
0.364705882352941
0.380392156862745
0.403921568627451
0.403921568627451
0.317647058823529
0.219607843137255
0.215686274509804
0.286274509803922
0.372549019607843
0.407843137254902
0.407843137254902
0.431372549019608
0.435294117647059
0.419607843137255
0.411764705882353
0.352941176470588
0.372549019607843
0.352941176470588
0.403921568627451
0.537254901960784
0.490196078431373
0.376470588235294
0.364705882352941
0.333333333333333
0.250980392156863
0.262745098039216
0.192156862745098
0.200000000000000
0.184313725490196
0.156862745098039
0.160784313725490
0.211764705882353
0.223529411764706
0.352941176470588
0.564705882352941
0.639215686274510
0.686274509803922
0.741176470588235
0.760784313725490
0.756862745098039
0.768627450980392
0.772549019607843
0.800000000000000
0.843137254901961
0.803921568627451
0.705882352941177
0.572549019607843
0.486274509803922
0.521568627450980
0.529411764705882
0.552941176470588
0.635294117647059
0.647058823529412
0.635294117647059
0.631372549019608
0.694117647058824
0.658823529411765
0.627450980392157
0.184313725490196
0.156862745098039
0.129411764705882
0.125490196078431
0.188235294117647
0.250980392156863
0.313725490196078
0.360784313725490
0.411764705882353
0.560784313725490
0.478431372549020
0.454901960784314
0.411764705882353
0.403921568627451
0.439215686274510
0.533333333333333
0.627450980392157
0.705882352941177
0.752941176470588
0.733333333333333
0.733333333333333
0.784313725490196
0.835294117647059
0.658823529411765
0.509803921568627
0.549019607843137
0.576470588235294
0.584313725490196
0.576470588235294
0.580392156862745
0.580392156862745
0.584313725490196
0.200000000000000
0.176470588235294
0.141176470588235
0.121568627450980
0.192156862745098
0.223529411764706
0.066666666666667
0.149019607843137
0.231372549019608
0.411764705882353
0.619607843137255
0.600000000000000
0.564705882352941
0.639215686274510
0.674509803921569
0.682352941176471
0.698039215686274
0.721568627450980
0.741176470588235
0.709803921568627
0.686274509803922
0.690196078431373
0.752941176470588
0.737254901960784
0.525490196078431
0.486274509803922
0.509803921568627
0.541176470588235
0.560784313725490
0.537254901960784
0.517647058823529
0.517647058823529
0.207843137254902
0.219607843137255
0.188235294117647
0.172549019607843
0.184313725490196
0.207843137254902
0.109803921568627
0.160784313725490
0.443137254901961
0.584313725490196
0.658823529411765
0.698039215686274
0.725490196078431
0.752941176470588
0.737254901960784
0.709803921568627
0.737254901960784
0.760784313725490
0.756862745098039
0.725490196078431
0.674509803921569
0.658823529411765
0.694117647058824
0.737254901960784
0.690196078431373
0.533333333333333
0.478431372549020
0.521568627450980
0.552941176470588
0.572549019607843
0.560784313725490
0.525490196078431
0.180392156862745
0.192156862745098
0.164705882352941
0.168627450980392
0.168627450980392
0.172549019607843
0.188235294117647
0.219607843137255
0.321568627450980
0.439215686274510
0.478431372549020
0.533333333333333
0.521568627450980
0.384313725490196
0.427450980392157
0.556862745098039
0.674509803921569
0.729411764705882
0.737254901960784
0.721568627450980
0.705882352941177
0.701960784313725
0.713725490196078
0.752941176470588
0.749019607843137
0.654901960784314
0.494117647058824
0.494117647058824
0.541176470588235
0.545098039215686
0.545098039215686
0.525490196078431
0.160784313725490
0.168627450980392
0.172549019607843
0.180392156862745
0.156862745098039
0.152941176470588
0.168627450980392
0.164705882352941
0.168627450980392
0.200000000000000
0.196078431372549
0.231372549019608
0.266666666666667
0.258823529411765
0.262745098039216
0.301960784313725
0.352941176470588
0.411764705882353
0.521568627450980
0.596078431372549
0.627450980392157
0.576470588235294
0.588235294117647
0.682352941176471
0.537254901960784
0.560784313725490
0.643137254901961
0.541176470588235
0.490196078431373
0.517647058823529
0.525490196078431
0.517647058823529
0.184313725490196
0.184313725490196
0.176470588235294
0.188235294117647
0.184313725490196
0.160784313725490
0.156862745098039
0.141176470588235
0.160784313725490
0.184313725490196
0.200000000000000
0.215686274509804
0.207843137254902
0.227450980392157
0.243137254901961
0.345098039215686
0.494117647058824
0.400000000000000
0.376470588235294
0.388235294117647
0.435294117647059
0.356862745098039
0.443137254901961
0.643137254901961
0.709803921568627
0.819607843137255
0.917647058823529
0.913725490196078
0.623529411764706
0.443137254901961
0.490196078431373
0.482352941176471
0.176470588235294
0.176470588235294
0.176470588235294
0.188235294117647
0.172549019607843
0.160784313725490
0.168627450980392
0.152941176470588
0.196078431372549
0.235294117647059
0.184313725490196
0.172549019607843
0.184313725490196
0.196078431372549
0.215686274509804
0.301960784313725
0.443137254901961
0.568627450980392
0.560784313725490
0.517647058823529
0.572549019607843
0.623529411764706
0.819607843137255
0.929411764705882
0.949019607843137
0.976470588235294
0.968627450980392
0.917647058823529
0.827450980392157
0.521568627450980
0.439215686274510
0.450980392156863
0.172549019607843
0.180392156862745
0.168627450980392
0.172549019607843
0.160784313725490
0.145098039215686
0.164705882352941
0.192156862745098
0.258823529411765
0.572549019607843
0.701960784313725
0.313725490196078
0.172549019607843
0.152941176470588
0.133333333333333
0.203921568627451
0.321568627450980
0.435294117647059
0.552941176470588
0.509803921568627
0.725490196078431
0.980392156862745
0.968627450980392
0.945098039215686
0.960784313725490
0.803921568627451
0.600000000000000
0.549019607843137
0.466666666666667
0.447058823529412
0.450980392156863
0.447058823529412
0.160784313725490
0.149019607843137
0.168627450980392
0.176470588235294
0.164705882352941
0.152941176470588
0.145098039215686
0.200000000000000
0.372549019607843
0.776470588235294
0.886274509803922
0.737254901960784
0.596078431372549
0.470588235294118
0.345098039215686
0.364705882352941
0.145098039215686
0.239215686274510
0.435294117647059
0.529411764705882
0.435294117647059
0.882352941176471
0.988235294117647
0.894117647058824
0.686274509803922
0.462745098039216
0.447058823529412
0.494117647058824
0.474509803921569
0.411764705882353
0.407843137254902
0.411764705882353
0.160784313725490
0.160784313725490
0.188235294117647
0.223529411764706
0.231372549019608
0.164705882352941
0.152941176470588
0.200000000000000
0.231372549019608
0.650980392156863
0.737254901960784
0.643137254901961
0.494117647058824
0.403921568627451
0.403921568627451
0.454901960784314
0.521568627450980
0.411764705882353
0.313725490196078
0.494117647058824
0.341176470588235
0.564705882352941
0.909803921568627
0.600000000000000
0.498039215686275
0.501960784313725
0.482352941176471
0.505882352941176
0.501960784313725
0.411764705882353
0.400000000000000
0.396078431372549
0.203921568627451
0.211764705882353
0.223529411764706
0.372549019607843
0.643137254901961
0.333333333333333
0.203921568627451
0.192156862745098
0.305882352941176
0.466666666666667
0.513725490196078
0.521568627450980
0.368627450980392
0.498039215686275
0.662745098039216
0.827450980392157
0.607843137254902
0.372549019607843
0.215686274509804
0.200000000000000
0.286274509803922
0.576470588235294
0.615686274509804
0.435294117647059
0.462745098039216
0.490196078431373
0.513725490196078
0.486274509803922
0.509803921568627
0.458823529411765
0.427450980392157
0.423529411764706
0.192156862745098
0.203921568627451
0.200000000000000
0.294117647058824
0.419607843137255
0.305882352941176
0.231372549019608
0.301960784313725
0.474509803921569
0.568627450980392
0.607843137254902
0.592156862745098
0.580392156862745
0.607843137254902
0.662745098039216
0.901960784313726
0.552941176470588
0.349019607843137
0.423529411764706
0.423529411764706
0.337254901960784
0.643137254901961
0.584313725490196
0.411764705882353
0.466666666666667
0.498039215686275
0.505882352941176
0.521568627450980
0.545098039215686
0.501960784313725
0.415686274509804
0.407843137254902
0.160784313725490
0.160784313725490
0.149019607843137
0.160784313725490
0.219607843137255
0.227450980392157
0.294117647058824
0.419607843137255
0.501960784313725
0.490196078431373
0.517647058823529
0.623529411764706
0.717647058823529
0.784313725490196
0.623529411764706
0.537254901960784
0.458823529411765
0.349019607843137
0.376470588235294
0.337254901960784
0.454901960784314
0.752941176470588
0.635294117647059
0.411764705882353
0.474509803921569
0.498039215686275
0.466666666666667
0.482352941176471
0.529411764705882
0.529411764705882
0.423529411764706
0.423529411764706
0.176470588235294
0.156862745098039
0.145098039215686
0.184313725490196
0.235294117647059
0.168627450980392
0.274509803921569
0.364705882352941
0.396078431372549
0.419607843137255
0.407843137254902
0.415686274509804
0.505882352941176
0.615686274509804
0.549019607843137
0.509803921568627
0.345098039215686
0.286274509803922
0.392156862745098
0.482352941176471
0.678431372549020
0.815686274509804
0.611764705882353
0.419607843137255
0.470588235294118
0.474509803921569
0.466666666666667
0.454901960784314
0.513725490196078
0.537254901960784
0.450980392156863
0.384313725490196
0.172549019607843
0.129411764705882
0.137254901960784
0.211764705882353
0.278431372549020
0.121568627450980
0.223529411764706
0.309803921568627
0.290196078431373
0.309803921568627
0.407843137254902
0.372549019607843
0.384313725490196
0.458823529411765
0.525490196078431
0.439215686274510
0.352941176470588
0.384313725490196
0.521568627450980
0.658823529411765
0.694117647058824
0.772549019607843
0.596078431372549
0.396078431372549
0.454901960784314
0.450980392156863
0.466666666666667
0.466666666666667
0.470588235294118
0.501960784313725
0.470588235294118
0.349019607843137
0.156862745098039
0.117647058823529
0.152941176470588
0.227450980392157
0.196078431372549
0.168627450980392
0.282352941176471
0.345098039215686
0.301960784313725
0.309803921568627
0.270588235294118
0.349019607843137
0.411764705882353
0.419607843137255
0.490196078431373
0.396078431372549
0.360784313725490
0.345098039215686
0.364705882352941
0.462745098039216
0.580392156862745
0.709803921568627
0.580392156862745
0.450980392156863
0.458823529411765
0.443137254901961
0.466666666666667
0.478431372549020
0.462745098039216
0.513725490196078
0.501960784313725
0.392156862745098
0.149019607843137
0.129411764705882
0.184313725490196
0.262745098039216
0.121568627450980
0.176470588235294
0.250980392156863
0.321568627450980
0.321568627450980
0.278431372549020
0.301960784313725
0.309803921568627
0.427450980392157
0.427450980392157
0.372549019607843
0.372549019607843
0.341176470588235
0.372549019607843
0.364705882352941
0.286274509803922
0.396078431372549
0.560784313725490
0.466666666666667
0.470588235294118
0.458823529411765
0.439215686274510
0.466666666666667
0.494117647058824
0.470588235294118
0.537254901960784
0.529411764705882
0.462745098039216
0.152941176470588
0.160784313725490
0.211764705882353
0.184313725490196
0.219607843137255
0.298039215686275
0.290196078431373
0.270588235294118
0.286274509803922
0.207843137254902
0.156862745098039
0.133333333333333
0.184313725490196
0.266666666666667
0.274509803921569
0.294117647058824
0.227450980392157
0.400000000000000
0.470588235294118
0.403921568627451
0.258823529411765
0.427450980392157
0.407843137254902
0.443137254901961
0.450980392156863
0.443137254901961
0.482352941176471
0.509803921568627
0.509803921568627
0.545098039215686
0.564705882352941
0.537254901960784
0.168627450980392
0.196078431372549
0.192156862745098
0.254901960784314
0.384313725490196
0.431372549019608
0.474509803921569
0.419607843137255
0.239215686274510
0.227450980392157
0.301960784313725
0.443137254901961
0.549019607843137
0.576470588235294
0.584313725490196
0.462745098039216
0.407843137254902
0.250980392156863
0.364705882352941
0.411764705882353
0.247058823529412
0.243137254901961
0.396078431372549
0.454901960784314
0.443137254901961
0.458823529411765
0.498039215686275
0.517647058823529
0.529411764705882
0.541176470588235
0.611764705882353
0.596078431372549
0.172549019607843
0.207843137254902
0.203921568627451
0.298039215686275
0.435294117647059
0.470588235294118
0.517647058823529
0.549019607843137
0.439215686274510
0.439215686274510
0.603921568627451
0.752941176470588
0.698039215686274
0.682352941176471
0.666666666666667
0.572549019607843
0.427450980392157
0.125490196078431
0.360784313725490
0.462745098039216
0.223529411764706
0.227450980392157
0.435294117647059
0.490196078431373
0.470588235294118
0.482352941176471
0.513725490196078
0.549019607843137
0.533333333333333
0.537254901960784
0.596078431372549
0.568627450980392
0.176470588235294
0.215686274509804
0.196078431372549
0.329411764705882
0.462745098039216
0.478431372549020
0.423529411764706
0.439215686274510
0.482352941176471
0.478431372549020
0.537254901960784
0.556862745098039
0.549019607843137
0.533333333333333
0.498039215686275
0.541176470588235
0.494117647058824
0.411764705882353
0.337254901960784
0.305882352941176
0.211764705882353
0.266666666666667
0.431372549019608
0.490196078431373
0.490196078431373
0.513725490196078
0.552941176470588
0.541176470588235
0.545098039215686
0.533333333333333
0.525490196078431
0.513725490196078
0.176470588235294
0.203921568627451
0.184313725490196
0.258823529411765
0.411764705882353
0.454901960784314
0.352941176470588
0.317647058823529
0.364705882352941
0.447058823529412
0.541176470588235
0.509803921568627
0.435294117647059
0.407843137254902
0.478431372549020
0.396078431372549
0.462745098039216
0.450980392156863
0.227450980392157
0.172549019607843
0.200000000000000
0.341176470588235
0.450980392156863
0.494117647058824
0.490196078431373
0.525490196078431
0.588235294117647
0.545098039215686
0.541176470588235
0.513725490196078
0.498039215686275
0.509803921568627
0.168627450980392
0.188235294117647
0.196078431372549
0.196078431372549
0.364705882352941
0.376470588235294
0.368627450980392
0.345098039215686
0.274509803921569
0.349019607843137
0.360784313725490
0.321568627450980
0.325490196078431
0.313725490196078
0.411764705882353
0.313725490196078
0.380392156862745
0.239215686274510
0.203921568627451
0.196078431372549
0.160784313725490
0.400000000000000
0.490196078431373
0.501960784313725
0.509803921568627
0.541176470588235
0.603921568627451
0.580392156862745
0.533333333333333
0.490196078431373
0.498039215686275
0.482352941176471
0.172549019607843
0.196078431372549
0.188235294117647
0.203921568627451
0.262745098039216
0.380392156862745
0.403921568627451
0.329411764705882
0.270588235294118
0.290196078431373
0.301960784313725
0.294117647058824
0.309803921568627
0.298039215686275
0.325490196078431
0.266666666666667
0.282352941176471
0.200000000000000
0.152941176470588
0.203921568627451
0.270588235294118
0.431372549019608
0.513725490196078
0.517647058823529
0.525490196078431
0.588235294117647
0.588235294117647
0.576470588235294
0.529411764705882
0.521568627450980
0.564705882352941
0.568627450980392
0.152941176470588
0.180392156862745
0.215686274509804
0.152941176470588
0.274509803921569
0.337254901960784
0.301960784313725
0.290196078431373
0.298039215686275
0.305882352941176
0.376470588235294
0.345098039215686
0.313725490196078
0.274509803921569
0.356862745098039
0.341176470588235
0.301960784313725
0.207843137254902
0.235294117647059
0.364705882352941
0.325490196078431
0.435294117647059
0.509803921568627
0.545098039215686
0.568627450980392
0.596078431372549
0.552941176470588
0.545098039215686
0.541176470588235
0.603921568627451
0.666666666666667
0.654901960784314
0.168627450980392
0.176470588235294
0.200000000000000
0.176470588235294
0.184313725490196
0.184313725490196
0.270588235294118
0.227450980392157
0.262745098039216
0.305882352941176
0.309803921568627
0.368627450980392
0.333333333333333
0.282352941176471
0.352941176470588
0.388235294117647
0.368627450980392
0.254901960784314
0.156862745098039
0.235294117647059
0.294117647058824
0.478431372549020
0.529411764705882
0.537254901960784
0.556862745098039
0.576470588235294
0.549019607843137
0.521568627450980
0.592156862745098
0.701960784313725
0.772549019607843
0.713725490196078
0.160784313725490
0.149019607843137
0.152941176470588
0.180392156862745
0.176470588235294
0.145098039215686
0.152941176470588
0.192156862745098
0.207843137254902
0.278431372549020
0.286274509803922
0.317647058823529
0.317647058823529
0.368627450980392
0.407843137254902
0.388235294117647
0.321568627450980
0.305882352941176
0.231372549019608
0.266666666666667
0.321568627450980
0.466666666666667
0.552941176470588
0.537254901960784
0.556862745098039
0.584313725490196
0.541176470588235
0.600000000000000
0.698039215686274
0.709803921568627
0.745098039215686
0.686274509803922
0.149019607843137
0.133333333333333
0.137254901960784
0.168627450980392
0.188235294117647
0.192156862745098
0.141176470588235
0.125490196078431
0.105882352941176
0.168627450980392
0.231372549019608
0.305882352941176
0.349019607843137
0.388235294117647
0.435294117647059
0.364705882352941
0.215686274509804
0.250980392156863
0.243137254901961
0.250980392156863
0.298039215686275
0.470588235294118
0.556862745098039
0.529411764705882
0.572549019607843
0.603921568627451
0.619607843137255
0.713725490196078
0.643137254901961
0.658823529411765
0.643137254901961
0.568627450980392
0.141176470588235
0.121568627450980
0.133333333333333
0.152941176470588
0.180392156862745
0.227450980392157
0.227450980392157
0.196078431372549
0.137254901960784
0.058823529411765
0.129411764705882
0.215686274509804
0.286274509803922
0.317647058823529
0.313725490196078
0.211764705882353
0.176470588235294
0.266666666666667
0.211764705882353
0.203921568627451
0.239215686274510
0.439215686274510
0.517647058823529
0.525490196078431
0.564705882352941
0.596078431372549
0.698039215686274
0.690196078431373
0.549019607843137
0.572549019607843
0.509803921568627
0.486274509803922
0.141176470588235
0.125490196078431
0.133333333333333
0.152941176470588
0.141176470588235
0.172549019607843
0.188235294117647
0.200000000000000
0.231372549019608
0.172549019607843
0.121568627450980
0.188235294117647
0.250980392156863
0.270588235294118
0.207843137254902
0.188235294117647
0.215686274509804
0.250980392156863
0.176470588235294
0.196078431372549
0.270588235294118
0.439215686274510
0.537254901960784
0.545098039215686
0.549019607843137
0.654901960784314
0.713725490196078
0.556862745098039
0.403921568627451
0.423529411764706
0.494117647058824
0.505882352941176
0.129411764705882
0.133333333333333
0.129411764705882
0.141176470588235
0.141176470588235
0.156862745098039
0.152941176470588
0.152941176470588
0.176470588235294
0.223529411764706
0.180392156862745
0.101960784313725
0.094117647058824
0.133333333333333
0.184313725490196
0.188235294117647
0.180392156862745
0.211764705882353
0.180392156862745
0.180392156862745
0.247058823529412
0.450980392156863
0.517647058823529
0.521568627450980
0.584313725490196
0.713725490196078
0.662745098039216
0.545098039215686
0.533333333333333
0.498039215686275
0.419607843137255
0.431372549019608
