0.921568627450980
0.933333333333333
0.929411764705882
0.933333333333333
0.929411764705882
0.937254901960784
0.894117647058824
0.831372549019608
0.847058823529412
0.462745098039216
0.427450980392157
0.764705882352941
0.756862745098039
0.443137254901961
0.239215686274510
0.156862745098039
0.050980392156863
0.019607843137255
0.152941176470588
0.478431372549020
0.286274509803922
0.050980392156863
0.141176470588235
0.137254901960784
0.062745098039216
0.156862745098039
0.270588235294118
0.325490196078431
0.360784313725490
0.341176470588235
0.321568627450980
0.333333333333333
0.905882352941176
0.921568627450980
0.917647058823529
0.921568627450980
0.917647058823529
0.925490196078431
0.894117647058824
0.878431372549020
0.866666666666667
0.466666666666667
0.403921568627451
0.737254901960784
0.749019607843137
0.435294117647059
0.270588235294118
0.227450980392157
0.101960784313725
0.227450980392157
0.568627450980392
0.635294117647059
0.298039215686275
0.011764705882353
0.043137254901961
0.101960784313725
0.050980392156863
0.047058823529412
0.101960784313725
0.184313725490196
0.211764705882353
0.168627450980392
0.180392156862745
0.243137254901961
0.909803921568627
0.921568627450980
0.917647058823529
0.921568627450980
0.921568627450980
0.925490196078431
0.909803921568627
0.901960784313726
0.882352941176471
0.486274509803922
0.423529411764706
0.780392156862745
0.792156862745098
0.443137254901961
0.247058823529412
0.333333333333333
0.525490196078431
0.784313725490196
0.745098039215686
0.560784313725490
0.301960784313725
0.035294117647059
0.031372549019608
0.050980392156863
0.015686274509804
0.000000000000000
0.003921568627451
0.003921568627451
0.023529411764706
0.074509803921569
0.141176470588235
0.227450980392157
0.909803921568627
0.921568627450980
0.917647058823529
0.921568627450980
0.921568627450980
0.925490196078431
0.905882352941176
0.890196078431372
0.882352941176471
0.533333333333333
0.435294117647059
0.784313725490196
0.839215686274510
0.490196078431373
0.266666666666667
0.498039215686275
0.807843137254902
0.882352941176471
0.729411764705882
0.537254901960784
0.313725490196078
0.070588235294118
0.125490196078431
0.105882352941176
0.011764705882353
0.000000000000000
0.003921568627451
0.007843137254902
0.011764705882353
0.043137254901961
0.121568627450980
0.215686274509804
0.909803921568627
0.921568627450980
0.917647058823529
0.921568627450980
0.921568627450980
0.925490196078431
0.917647058823529
0.898039215686275
0.890196078431372
0.674509803921569
0.572549019607843
0.819607843137255
0.874509803921569
0.541176470588235
0.482352941176471
0.517647058823529
0.541176470588235
0.772549019607843
0.721568627450980
0.513725490196078
0.329411764705882
0.070588235294118
0.141176470588235
0.278431372549020
0.176470588235294
0.047058823529412
0.015686274509804
0.007843137254902
0.007843137254902
0.031372549019608
0.105882352941176
0.200000000000000
0.909803921568627
0.921568627450980
0.917647058823529
0.921568627450980
0.921568627450980
0.925490196078431
0.929411764705882
0.917647058823529
0.905882352941176
0.882352941176471
0.870588235294118
0.874509803921569
0.839215686274510
0.666666666666667
0.545098039215686
0.376470588235294
0.462745098039216
0.780392156862745
0.752941176470588
0.501960784313725
0.341176470588235
0.082352941176471
0.086274509803922
0.274509803921569
0.254901960784314
0.117647058823529
0.047058823529412
0.019607843137255
0.003921568627451
0.019607843137255
0.086274509803922
0.184313725490196
0.909803921568627
0.921568627450980
0.917647058823529
0.921568627450980
0.921568627450980
0.921568627450980
0.929411764705882
0.929411764705882
0.925490196078431
0.921568627450980
0.890196078431372
0.835294117647059
0.796078431372549
0.749019607843137
0.592156862745098
0.466666666666667
0.552941176470588
0.831372549019608
0.760784313725490
0.498039215686275
0.341176470588235
0.078431372549020
0.031372549019608
0.192156862745098
0.211764705882353
0.125490196078431
0.070588235294118
0.027450980392157
0.003921568627451
0.007843137254902
0.066666666666667
0.180392156862745
0.909803921568627
0.921568627450980
0.917647058823529
0.921568627450980
0.921568627450980
0.921568627450980
0.925490196078431
0.933333333333333
0.933333333333333
0.929411764705882
0.898039215686275
0.827450980392157
0.670588235294118
0.745098039215686
0.764705882352941
0.639215686274510
0.674509803921569
0.886274509803922
0.760784313725490
0.509803921568627
0.352941176470588
0.086274509803922
0.011764705882353
0.105882352941176
0.141176470588235
0.082352941176471
0.047058823529412
0.015686274509804
0.003921568627451
0.007843137254902
0.062745098039216
0.188235294117647
0.909803921568627
0.921568627450980
0.917647058823529
0.917647058823529
0.917647058823529
0.917647058823529
0.929411764705882
0.937254901960784
0.933333333333333
0.925490196078431
0.925490196078431
0.847058823529412
0.694117647058824
0.815686274509804
0.839215686274510
0.678431372549020
0.709803921568627
0.898039215686275
0.760784313725490
0.513725490196078
0.368627450980392
0.101960784313725
0.003921568627451
0.058823529411765
0.070588235294118
0.027450980392157
0.015686274509804
0.003921568627451
0.003921568627451
0.011764705882353
0.070588235294118
0.192156862745098
0.909803921568627
0.921568627450980
0.917647058823529
0.917647058823529
0.917647058823529
0.921568627450980
0.929411764705882
0.937254901960784
0.933333333333333
0.921568627450980
0.917647058823529
0.862745098039216
0.811764705882353
0.847058823529412
0.807843137254902
0.721568627450980
0.811764705882353
0.913725490196078
0.749019607843137
0.501960784313725
0.400000000000000
0.133333333333333
0.000000000000000
0.019607843137255
0.015686274509804
0.007843137254902
0.007843137254902
0.003921568627451
0.003921568627451
0.011764705882353
0.074509803921569
0.200000000000000
0.913725490196078
0.925490196078431
0.917647058823529
0.917647058823529
0.921568627450980
0.929411764705882
0.937254901960784
0.937254901960784
0.929411764705882
0.921568627450980
0.905882352941176
0.858823529411765
0.682352941176471
0.619607843137255
0.639215686274510
0.713725490196078
0.862745098039216
0.909803921568627
0.752941176470588
0.498039215686275
0.419607843137255
0.164705882352941
0.000000000000000
0.007843137254902
0.007843137254902
0.007843137254902
0.007843137254902
0.003921568627451
0.003921568627451
0.011764705882353
0.078431372549020
0.207843137254902
0.913725490196078
0.925490196078431
0.917647058823529
0.917647058823529
0.921568627450980
0.929411764705882
0.937254901960784
0.941176470588235
0.937254901960784
0.913725490196078
0.901960784313726
0.823529411764706
0.384313725490196
0.211764705882353
0.403921568627451
0.709803921568627
0.894117647058824
0.901960784313726
0.745098039215686
0.505882352941176
0.443137254901961
0.188235294117647
0.000000000000000
0.000000000000000
0.000000000000000
0.011764705882353
0.015686274509804
0.011764705882353
0.003921568627451
0.007843137254902
0.074509803921569
0.215686274509804
0.913725490196078
0.925490196078431
0.917647058823529
0.917647058823529
0.917647058823529
0.917647058823529
0.882352941176471
0.788235294117647
0.772549019607843
0.839215686274510
0.898039215686275
0.819607843137255
0.364705882352941
0.176470588235294
0.372549019607843
0.717647058823529
0.878431372549020
0.819607843137255
0.694117647058824
0.505882352941176
0.450980392156863
0.203921568627451
0.023529411764706
0.066666666666667
0.027450980392157
0.000000000000000
0.003921568627451
0.003921568627451
0.000000000000000
0.000000000000000
0.074509803921569
0.231372549019608
0.913725490196078
0.925490196078431
0.917647058823529
0.917647058823529
0.917647058823529
0.909803921568627
0.878431372549020
0.858823529411765
0.862745098039216
0.886274509803922
0.905882352941176
0.827450980392157
0.396078431372549
0.192156862745098
0.396078431372549
0.776470588235294
0.901960784313726
0.874509803921569
0.705882352941177
0.486274509803922
0.462745098039216
0.235294117647059
0.019607843137255
0.223529411764706
0.462745098039216
0.266666666666667
0.125490196078431
0.105882352941176
0.058823529411765
0.015686274509804
0.090196078431373
0.266666666666667
0.913725490196078
0.925490196078431
0.921568627450980
0.921568627450980
0.921568627450980
0.921568627450980
0.913725490196078
0.913725490196078
0.913725490196078
0.909803921568627
0.909803921568627
0.847058823529412
0.435294117647059
0.207843137254902
0.541176470588235
0.854901960784314
0.886274509803922
0.866666666666667
0.603921568627451
0.407843137254902
0.462745098039216
0.258823529411765
0.003921568627451
0.121568627450980
0.631372549019608
0.713725490196078
0.600000000000000
0.556862745098039
0.400000000000000
0.164705882352941
0.145098039215686
0.317647058823529
0.913725490196078
0.925490196078431
0.921568627450980
0.921568627450980
0.921568627450980
0.898039215686275
0.866666666666667
0.839215686274510
0.901960784313726
0.925490196078431
0.901960784313726
0.862745098039216
0.478431372549020
0.258823529411765
0.709803921568627
0.784313725490196
0.690196078431373
0.823529411764706
0.576470588235294
0.392156862745098
0.470588235294118
0.274509803921569
0.011764705882353
0.039215686274510
0.513725490196078
0.803921568627451
0.796078431372549
0.803921568627451
0.615686274509804
0.278431372549020
0.250980392156863
0.407843137254902
0.913725490196078
0.929411764705882
0.925490196078431
0.913725490196078
0.925490196078431
0.815686274509804
0.717647058823529
0.756862745098039
0.819607843137255
0.894117647058824
0.905882352941176
0.882352941176471
0.537254901960784
0.400000000000000
0.811764705882353
0.682352941176471
0.564705882352941
0.776470588235294
0.568627450980392
0.400000000000000
0.450980392156863
0.278431372549020
0.050980392156863
0.015686274509804
0.439215686274510
0.768627450980392
0.764705882352941
0.776470588235294
0.458823529411765
0.207843137254902
0.341176470588235
0.454901960784314
0.909803921568627
0.925490196078431
0.925490196078431
0.909803921568627
0.913725490196078
0.760784313725490
0.631372549019608
0.725490196078431
0.819607843137255
0.890196078431372
0.905882352941176
0.886274509803922
0.600000000000000
0.623529411764706
0.866666666666667
0.623529411764706
0.541176470588235
0.705882352941177
0.611764705882353
0.462745098039216
0.431372549019608
0.282352941176471
0.094117647058824
0.015686274509804
0.411764705882353
0.760784313725490
0.749019607843137
0.662745098039216
0.290196078431373
0.223529411764706
0.407843137254902
0.498039215686275
0.905882352941176
0.925490196078431
0.921568627450980
0.894117647058824
0.858823529411765
0.725490196078431
0.623529411764706
0.721568627450980
0.858823529411765
0.905882352941176
0.898039215686275
0.882352941176471
0.792156862745098
0.866666666666667
0.858823529411765
0.568627450980392
0.556862745098039
0.756862745098039
0.572549019607843
0.439215686274510
0.415686274509804
0.262745098039216
0.082352941176471
0.027450980392157
0.411764705882353
0.764705882352941
0.701960784313725
0.474509803921569
0.219607843137255
0.313725490196078
0.454901960784314
0.521568627450980
0.901960784313726
0.917647058823529
0.917647058823529
0.874509803921569
0.796078431372549
0.682352941176471
0.603921568627451
0.678431372549020
0.815686274509804
0.882352941176471
0.874509803921569
0.854901960784314
0.874509803921569
0.917647058823529
0.803921568627451
0.517647058823529
0.568627450980392
0.737254901960784
0.443137254901961
0.368627450980392
0.392156862745098
0.235294117647059
0.082352941176471
0.054901960784314
0.427450980392157
0.733333333333333
0.607843137254902
0.333333333333333
0.290196078431373
0.443137254901961
0.501960784313725
0.498039215686275
0.909803921568627
0.917647058823529
0.890196078431372
0.729411764705882
0.639215686274510
0.647058823529412
0.564705882352941
0.647058823529412
0.819607843137255
0.882352941176471
0.749019607843137
0.717647058823529
0.854901960784314
0.913725490196078
0.717647058823529
0.454901960784314
0.603921568627451
0.741176470588235
0.447058823529412
0.368627450980392
0.372549019607843
0.215686274509804
0.082352941176471
0.098039215686275
0.462745098039216
0.674509803921569
0.466666666666667
0.290196078431373
0.388235294117647
0.517647058823529
0.545098039215686
0.498039215686275
0.909803921568627
0.917647058823529
0.905882352941176
0.819607843137255
0.764705882352941
0.721568627450980
0.560784313725490
0.623529411764706
0.823529411764706
0.850980392156863
0.643137254901961
0.686274509803922
0.862745098039216
0.890196078431372
0.619607843137255
0.384313725490196
0.584313725490196
0.760784313725490
0.517647058823529
0.368627450980392
0.333333333333333
0.207843137254902
0.086274509803922
0.160784313725490
0.541176470588235
0.588235294117647
0.356862745098039
0.333333333333333
0.450980392156863
0.525490196078431
0.513725490196078
0.462745098039216
0.909803921568627
0.921568627450980
0.905882352941176
0.811764705882353
0.839215686274510
0.811764705882353
0.611764705882353
0.635294117647059
0.850980392156863
0.788235294117647
0.572549019607843
0.709803921568627
0.874509803921569
0.874509803921569
0.576470588235294
0.368627450980392
0.584313725490196
0.752941176470588
0.494117647058824
0.341176470588235
0.309803921568627
0.207843137254902
0.117647058823529
0.243137254901961
0.603921568627451
0.482352941176471
0.317647058823529
0.400000000000000
0.478431372549020
0.482352941176471
0.458823529411765
0.447058823529412
0.913725490196078
0.925490196078431
0.917647058823529
0.894117647058824
0.901960784313726
0.886274509803922
0.776470588235294
0.729411764705882
0.854901960784314
0.725490196078431
0.537254901960784
0.698039215686274
0.850980392156863
0.811764705882353
0.513725490196078
0.388235294117647
0.603921568627451
0.721568627450980
0.435294117647059
0.325490196078431
0.313725490196078
0.223529411764706
0.152941176470588
0.337254901960784
0.592156862745098
0.403921568627451
0.368627450980392
0.474509803921569
0.486274509803922
0.454901960784314
0.450980392156863
0.478431372549020
0.909803921568627
0.925490196078431
0.917647058823529
0.925490196078431
0.929411764705882
0.925490196078431
0.913725490196078
0.898039215686275
0.882352941176471
0.674509803921569
0.525490196078431
0.729411764705882
0.866666666666667
0.792156862745098
0.490196078431373
0.411764705882353
0.615686274509804
0.674509803921569
0.360784313725490
0.313725490196078
0.313725490196078
0.223529411764706
0.223529411764706
0.478431372549020
0.498039215686275
0.372549019607843
0.458823529411765
0.501960784313725
0.482352941176471
0.470588235294118
0.482352941176471
0.505882352941176
0.913725490196078
0.925490196078431
0.917647058823529
0.917647058823529
0.921568627450980
0.925490196078431
0.925490196078431
0.917647058823529
0.894117647058824
0.654901960784314
0.501960784313725
0.666666666666667
0.831372549019608
0.827450980392157
0.509803921568627
0.419607843137255
0.627450980392157
0.670588235294118
0.356862745098039
0.325490196078431
0.301960784313725
0.223529411764706
0.333333333333333
0.564705882352941
0.411764705882353
0.407843137254902
0.490196078431373
0.478431372549020
0.490196078431373
0.513725490196078
0.513725490196078
0.533333333333333
0.909803921568627
0.921568627450980
0.917647058823529
0.917647058823529
0.921568627450980
0.925490196078431
0.921568627450980
0.913725490196078
0.894117647058824
0.654901960784314
0.474509803921569
0.556862745098039
0.768627450980392
0.831372549019608
0.533333333333333
0.478431372549020
0.678431372549020
0.631372549019608
0.364705882352941
0.364705882352941
0.313725490196078
0.282352941176471
0.443137254901961
0.517647058823529
0.415686274509804
0.478431372549020
0.490196078431373
0.474509803921569
0.501960784313725
0.545098039215686
0.545098039215686
0.552941176470588
0.909803921568627
0.921568627450980
0.917647058823529
0.917647058823529
0.921568627450980
0.925490196078431
0.921568627450980
0.913725490196078
0.901960784313726
0.729411764705882
0.584313725490196
0.725490196078431
0.870588235294118
0.780392156862745
0.521568627450980
0.541176470588235
0.733333333333333
0.564705882352941
0.368627450980392
0.396078431372549
0.321568627450980
0.341176470588235
0.482352941176471
0.447058823529412
0.470588235294118
0.505882352941176
0.505882352941176
0.517647058823529
0.533333333333333
0.560784313725490
0.580392156862745
0.584313725490196
0.909803921568627
0.921568627450980
0.917647058823529
0.917647058823529
0.921568627450980
0.925490196078431
0.921568627450980
0.917647058823529
0.901960784313726
0.874509803921569
0.847058823529412
0.858823529411765
0.858823529411765
0.701960784313725
0.501960784313725
0.588235294117647
0.745098039215686
0.533333333333333
0.411764705882353
0.423529411764706
0.360784313725490
0.407843137254902
0.454901960784314
0.458823529411765
0.505882352941176
0.517647058823529
0.564705882352941
0.576470588235294
0.580392156862745
0.611764705882353
0.623529411764706
0.619607843137255
0.913725490196078
0.925490196078431
0.921568627450980
0.921568627450980
0.925490196078431
0.929411764705882
0.925490196078431
0.925490196078431
0.921568627450980
0.921568627450980
0.917647058823529
0.905882352941176
0.866666666666667
0.737254901960784
0.541176470588235
0.615686274509804
0.698039215686274
0.513725490196078
0.474509803921569
0.450980392156863
0.443137254901961
0.470588235294118
0.478431372549020
0.517647058823529
0.556862745098039
0.596078431372549
0.635294117647059
0.647058823529412
0.635294117647059
0.662745098039216
0.682352941176471
0.658823529411765
0.913725490196078
0.925490196078431
0.921568627450980
0.921568627450980
0.925490196078431
0.929411764705882
0.929411764705882
0.929411764705882
0.929411764705882
0.925490196078431
0.921568627450980
0.917647058823529
0.909803921568627
0.827450980392157
0.713725490196078
0.737254901960784
0.647058823529412
0.501960784313725
0.505882352941176
0.474509803921569
0.490196078431373
0.509803921568627
0.525490196078431
0.572549019607843
0.643137254901961
0.670588235294118
0.678431372549020
0.690196078431373
0.694117647058824
0.713725490196078
0.725490196078431
0.705882352941177
0.909803921568627
0.921568627450980
0.917647058823529
0.921568627450980
0.925490196078431
0.929411764705882
0.937254901960784
0.933333333333333
0.933333333333333
0.933333333333333
0.929411764705882
0.925490196078431
0.921568627450980
0.866666666666667
0.772549019607843
0.725490196078431
0.615686274509804
0.541176470588235
0.505882352941176
0.509803921568627
0.533333333333333
0.537254901960784
0.600000000000000
0.674509803921569
0.721568627450980
0.725490196078431
0.721568627450980
0.729411764705882
0.737254901960784
0.737254901960784
0.733333333333333
0.729411764705882
0.921568627450980
0.933333333333333
0.929411764705882
0.933333333333333
0.929411764705882
0.937254901960784
0.898039215686275
0.862745098039216
0.917647058823529
0.549019607843137
0.509803921568627
0.831372549019608
0.811764705882353
0.509803921568627
0.317647058823529
0.207843137254902
0.058823529411765
0.019607843137255
0.176470588235294
0.529411764705882
0.341176470588235
0.098039215686275
0.180392156862745
0.160784313725490
0.058823529411765
0.156862745098039
0.301960784313725
0.368627450980392
0.400000000000000
0.388235294117647
0.376470588235294
0.396078431372549
0.905882352941176
0.921568627450980
0.917647058823529
0.921568627450980
0.917647058823529
0.921568627450980
0.890196078431372
0.901960784313726
0.925490196078431
0.541176470588235
0.474509803921569
0.792156862745098
0.792156862745098
0.490196078431373
0.337254901960784
0.274509803921569
0.113725490196078
0.243137254901961
0.607843137254902
0.701960784313725
0.352941176470588
0.043137254901961
0.062745098039216
0.105882352941176
0.039215686274510
0.039215686274510
0.113725490196078
0.203921568627451
0.235294117647059
0.200000000000000
0.223529411764706
0.294117647058824
0.909803921568627
0.921568627450980
0.917647058823529
0.921568627450980
0.921568627450980
0.921568627450980
0.901960784313726
0.917647058823529
0.933333333333333
0.556862745098039
0.490196078431373
0.827450980392157
0.827450980392157
0.490196078431373
0.309803921568627
0.384313725490196
0.549019607843137
0.811764705882353
0.800000000000000
0.627450980392157
0.352941176470588
0.062745098039216
0.050980392156863
0.074509803921569
0.039215686274510
0.011764705882353
0.003921568627451
0.003921568627451
0.027450980392157
0.090196078431373
0.172549019607843
0.262745098039216
0.909803921568627
0.921568627450980
0.917647058823529
0.921568627450980
0.921568627450980
0.921568627450980
0.894117647058824
0.909803921568627
0.937254901960784
0.607843137254902
0.498039215686275
0.827450980392157
0.850980392156863
0.513725490196078
0.333333333333333
0.564705882352941
0.847058823529412
0.909803921568627
0.768627450980392
0.603921568627451
0.364705882352941
0.101960784313725
0.172549019607843
0.160784313725490
0.047058823529412
0.015686274509804
0.003921568627451
0.003921568627451
0.007843137254902
0.047058823529412
0.137254901960784
0.239215686274510
0.909803921568627
0.921568627450980
0.917647058823529
0.921568627450980
0.921568627450980
0.921568627450980
0.909803921568627
0.917647058823529
0.941176470588235
0.737254901960784
0.623529411764706
0.850980392156863
0.882352941176471
0.568627450980392
0.552941176470588
0.592156862745098
0.588235294117647
0.803921568627451
0.772549019607843
0.596078431372549
0.384313725490196
0.101960784313725
0.176470588235294
0.317647058823529
0.172549019607843
0.023529411764706
0.003921568627451
0.000000000000000
0.007843137254902
0.039215686274510
0.117647058823529
0.219607843137255
0.909803921568627
0.921568627450980
0.917647058823529
0.921568627450980
0.921568627450980
0.921568627450980
0.925490196078431
0.929411764705882
0.933333333333333
0.917647058823529
0.898039215686275
0.890196078431372
0.858823529411765
0.713725490196078
0.607843137254902
0.419607843137255
0.482352941176471
0.811764705882353
0.827450980392157
0.596078431372549
0.400000000000000
0.098039215686275
0.098039215686275
0.274509803921569
0.203921568627451
0.047058823529412
0.007843137254902
0.003921568627451
0.011764705882353
0.043137254901961
0.109803921568627
0.207843137254902
0.909803921568627
0.921568627450980
0.917647058823529
0.921568627450980
0.921568627450980
0.925490196078431
0.929411764705882
0.933333333333333
0.929411764705882
0.925490196078431
0.894117647058824
0.835294117647059
0.815686274509804
0.788235294117647
0.615686274509804
0.450980392156863
0.521568627450980
0.831372549019608
0.827450980392157
0.588235294117647
0.400000000000000
0.098039215686275
0.043137254901961
0.196078431372549
0.168627450980392
0.047058823529412
0.011764705882353
0.003921568627451
0.011764705882353
0.039215686274510
0.101960784313725
0.207843137254902
0.909803921568627
0.921568627450980
0.917647058823529
0.921568627450980
0.921568627450980
0.921568627450980
0.929411764705882
0.929411764705882
0.925490196078431
0.917647058823529
0.886274509803922
0.819607843137255
0.682352941176471
0.780392156862745
0.784313725490196
0.619607843137255
0.635294117647059
0.878431372549020
0.815686274509804
0.588235294117647
0.411764705882353
0.117647058823529
0.031372549019608
0.121568627450980
0.129411764705882
0.039215686274510
0.007843137254902
0.000000000000000
0.007843137254902
0.027450980392157
0.090196078431373
0.215686274509804
0.909803921568627
0.921568627450980
0.917647058823529
0.917647058823529
0.917647058823529
0.917647058823529
0.921568627450980
0.929411764705882
0.925490196078431
0.913725490196078
0.909803921568627
0.835294117647059
0.705882352941177
0.858823529411765
0.894117647058824
0.705882352941177
0.709803921568627
0.901960784313726
0.807843137254902
0.588235294117647
0.435294117647059
0.141176470588235
0.015686274509804
0.058823529411765
0.070588235294118
0.023529411764706
0.003921568627451
0.000000000000000
0.003921568627451
0.015686274509804
0.082352941176471
0.215686274509804
0.909803921568627
0.921568627450980
0.917647058823529
0.917647058823529
0.917647058823529
0.921568627450980
0.921568627450980
0.929411764705882
0.925490196078431
0.921568627450980
0.917647058823529
0.870588235294118
0.835294117647059
0.901960784313726
0.874509803921569
0.760784313725490
0.819607843137255
0.925490196078431
0.796078431372549
0.576470588235294
0.466666666666667
0.168627450980392
0.007843137254902
0.019607843137255
0.015686274509804
0.003921568627451
0.000000000000000
0.000000000000000
0.000000000000000
0.015686274509804
0.082352941176471
0.219607843137255
0.913725490196078
0.925490196078431
0.917647058823529
0.917647058823529
0.921568627450980
0.925490196078431
0.925490196078431
0.925490196078431
0.929411764705882
0.929411764705882
0.925490196078431
0.886274509803922
0.721568627450980
0.674509803921569
0.705882352941177
0.760784313725490
0.878431372549020
0.933333333333333
0.811764705882353
0.576470588235294
0.486274509803922
0.200000000000000
0.007843137254902
0.007843137254902
0.007843137254902
0.003921568627451
0.000000000000000
0.000000000000000
0.000000000000000
0.015686274509804
0.086274509803922
0.227450980392157
0.913725490196078
0.925490196078431
0.917647058823529
0.917647058823529
0.921568627450980
0.925490196078431
0.929411764705882
0.933333333333333
0.937254901960784
0.929411764705882
0.929411764705882
0.866666666666667
0.439215686274510
0.278431372549020
0.474509803921569
0.756862745098039
0.917647058823529
0.933333333333333
0.811764705882353
0.584313725490196
0.513725490196078
0.231372549019608
0.015686274509804
0.000000000000000
0.003921568627451
0.007843137254902
0.000000000000000
0.000000000000000
0.003921568627451
0.011764705882353
0.090196078431373
0.243137254901961
0.913725490196078
0.925490196078431
0.917647058823529
0.917647058823529
0.917647058823529
0.921568627450980
0.898039215686275
0.800000000000000
0.776470588235294
0.847058823529412
0.917647058823529
0.858823529411765
0.447058823529412
0.274509803921569
0.439215686274510
0.760784313725490
0.917647058823529
0.866666666666667
0.756862745098039
0.584313725490196
0.537254901960784
0.270588235294118
0.050980392156863
0.066666666666667
0.031372549019608
0.000000000000000
0.003921568627451
0.007843137254902
0.011764705882353
0.023529411764706
0.105882352941176
0.262745098039216
0.913725490196078
0.925490196078431
0.917647058823529
0.917647058823529
0.917647058823529
0.913725490196078
0.894117647058824
0.870588235294118
0.866666666666667
0.894117647058824
0.921568627450980
0.866666666666667
0.474509803921569
0.286274509803922
0.458823529411765
0.819607843137255
0.945098039215686
0.933333333333333
0.776470588235294
0.568627450980392
0.533333333333333
0.294117647058824
0.070588235294118
0.250980392156863
0.458823529411765
0.227450980392157
0.047058823529412
0.011764705882353
0.003921568627451
0.019607843137255
0.121568627450980
0.278431372549020
0.913725490196078
0.925490196078431
0.921568627450980
0.921568627450980
0.921568627450980
0.929411764705882
0.929411764705882
0.925490196078431
0.917647058823529
0.917647058823529
0.929411764705882
0.882352941176471
0.505882352941176
0.286274509803922
0.592156862745098
0.894117647058824
0.933333333333333
0.933333333333333
0.690196078431373
0.494117647058824
0.517647058823529
0.301960784313725
0.074509803921569
0.196078431372549
0.619607843137255
0.501960784313725
0.176470588235294
0.098039215686275
0.074509803921569
0.050980392156863
0.156862745098039
0.329411764705882
0.909803921568627
0.925490196078431
0.917647058823529
0.921568627450980
0.921568627450980
0.905882352941176
0.886274509803922
0.854901960784314
0.905882352941176
0.929411764705882
0.921568627450980
0.898039215686275
0.541176470588235
0.329411764705882
0.752941176470588
0.823529411764706
0.741176470588235
0.894117647058824
0.662745098039216
0.478431372549020
0.521568627450980
0.309803921568627
0.090196078431373
0.141176470588235
0.501960784313725
0.509803921568627
0.184313725490196
0.125490196078431
0.121568627450980
0.082352941176471
0.215686274509804
0.376470588235294
0.905882352941176
0.917647058823529
0.913725490196078
0.913725490196078
0.933333333333333
0.847058823529412
0.772549019607843
0.800000000000000
0.835294117647059
0.901960784313726
0.925490196078431
0.917647058823529
0.596078431372549
0.447058823529412
0.831372549019608
0.709803921568627
0.623529411764706
0.850980392156863
0.631372549019608
0.470588235294118
0.533333333333333
0.341176470588235
0.113725490196078
0.117647058823529
0.439215686274510
0.498039215686275
0.180392156862745
0.098039215686275
0.066666666666667
0.105882352941176
0.274509803921569
0.403921568627451
0.905882352941176
0.917647058823529
0.917647058823529
0.909803921568627
0.929411764705882
0.803921568627451
0.705882352941177
0.788235294117647
0.847058823529412
0.901960784313726
0.929411764705882
0.925490196078431
0.654901960784314
0.658823529411765
0.870588235294118
0.647058823529412
0.603921568627451
0.784313725490196
0.670588235294118
0.525490196078431
0.521568627450980
0.345098039215686
0.149019607843137
0.117647058823529
0.411764705882353
0.482352941176471
0.188235294117647
0.098039215686275
0.050980392156863
0.196078431372549
0.345098039215686
0.427450980392157
0.913725490196078
0.925490196078431
0.921568627450980
0.901960784313726
0.882352941176471
0.776470588235294
0.705882352941177
0.788235294117647
0.894117647058824
0.925490196078431
0.929411764705882
0.929411764705882
0.847058823529412
0.890196078431372
0.858823529411765
0.588235294117647
0.619607843137255
0.847058823529412
0.639215686274510
0.501960784313725
0.498039215686275
0.317647058823529
0.129411764705882
0.117647058823529
0.403921568627451
0.466666666666667
0.196078431372549
0.098039215686275
0.105882352941176
0.301960784313725
0.400000000000000
0.454901960784314
0.913725490196078
0.925490196078431
0.921568627450980
0.886274509803922
0.823529411764706
0.737254901960784
0.690196078431373
0.749019607843137
0.854901960784314
0.909803921568627
0.909803921568627
0.905882352941176
0.925490196078431
0.937254901960784
0.796078431372549
0.533333333333333
0.639215686274510
0.835294117647059
0.521568627450980
0.427450980392157
0.466666666666667
0.282352941176471
0.121568627450980
0.137254901960784
0.411764705882353
0.443137254901961
0.192156862745098
0.113725490196078
0.227450980392157
0.384313725490196
0.439215686274510
0.474509803921569
0.909803921568627
0.921568627450980
0.901960784313726
0.752941176470588
0.674509803921569
0.701960784313725
0.639215686274510
0.713725490196078
0.866666666666667
0.929411764705882
0.807843137254902
0.800000000000000
0.909803921568627
0.929411764705882
0.729411764705882
0.490196078431373
0.670588235294118
0.831372549019608
0.537254901960784
0.439215686274510
0.427450980392157
0.262745098039216
0.149019607843137
0.168627450980392
0.419607843137255
0.431372549019608
0.164705882352941
0.160784313725490
0.352941176470588
0.443137254901961
0.474509803921569
0.498039215686275
0.905882352941176
0.917647058823529
0.921568627450980
0.847058823529412
0.803921568627451
0.768627450980392
0.623529411764706
0.682352941176471
0.878431372549020
0.913725490196078
0.721568627450980
0.776470588235294
0.913725490196078
0.905882352941176
0.650980392156863
0.435294117647059
0.647058823529412
0.839215686274510
0.615686274509804
0.458823529411765
0.396078431372549
0.266666666666667
0.172549019607843
0.215686274509804
0.450980392156863
0.376470588235294
0.149019607843137
0.258823529411765
0.450980392156863
0.494117647058824
0.478431372549020
0.486274509803922
0.909803921568627
0.925490196078431
0.913725490196078
0.823529411764706
0.854901960784314
0.843137254901961
0.662745098039216
0.690196078431373
0.913725490196078
0.858823529411765
0.647058823529412
0.784313725490196
0.917647058823529
0.894117647058824
0.603921568627451
0.415686274509804
0.647058823529412
0.831372549019608
0.588235294117647
0.439215686274510
0.380392156862745
0.270588235294118
0.196078431372549
0.278431372549020
0.494117647058824
0.294117647058824
0.188235294117647
0.360784313725490
0.494117647058824
0.494117647058824
0.478431372549020
0.490196078431373
0.913725490196078
0.925490196078431
0.917647058823529
0.894117647058824
0.898039215686275
0.894117647058824
0.807843137254902
0.780392156862745
0.921568627450980
0.800000000000000
0.611764705882353
0.760784313725490
0.886274509803922
0.827450980392157
0.541176470588235
0.435294117647059
0.670588235294118
0.800000000000000
0.529411764705882
0.403921568627451
0.360784313725490
0.270588235294118
0.227450980392157
0.380392156862745
0.494117647058824
0.258823529411765
0.301960784313725
0.443137254901961
0.486274509803922
0.490196078431373
0.498039215686275
0.513725490196078
0.913725490196078
0.925490196078431
0.917647058823529
0.921568627450980
0.921568627450980
0.921568627450980
0.933333333333333
0.937254901960784
0.941176470588235
0.741176470588235
0.584313725490196
0.772549019607843
0.894117647058824
0.815686274509804
0.521568627450980
0.462745098039216
0.682352941176471
0.756862745098039
0.450980392156863
0.380392156862745
0.368627450980392
0.278431372549020
0.274509803921569
0.486274509803922
0.415686274509804
0.278431372549020
0.431372549019608
0.486274509803922
0.482352941176471
0.501960784313725
0.521568627450980
0.533333333333333
0.913725490196078
0.925490196078431
0.917647058823529
0.917647058823529
0.921568627450980
0.925490196078431
0.929411764705882
0.937254901960784
0.933333333333333
0.701960784313725
0.549019607843137
0.698039215686274
0.858823529411765
0.854901960784314
0.545098039215686
0.474509803921569
0.694117647058824
0.749019607843137
0.439215686274510
0.403921568627451
0.392156862745098
0.305882352941176
0.352941176470588
0.513725490196078
0.337254901960784
0.364705882352941
0.494117647058824
0.494117647058824
0.509803921568627
0.541176470588235
0.545098039215686
0.568627450980392
0.909803921568627
0.921568627450980
0.917647058823529
0.917647058823529
0.921568627450980
0.925490196078431
0.925490196078431
0.933333333333333
0.937254901960784
0.705882352941177
0.521568627450980
0.592156862745098
0.796078431372549
0.858823529411765
0.572549019607843
0.529411764705882
0.745098039215686
0.709803921568627
0.447058823529412
0.435294117647059
0.392156862745098
0.349019607843137
0.450980392156863
0.470588235294118
0.368627450980392
0.462745098039216
0.501960784313725
0.498039215686275
0.529411764705882
0.580392156862745
0.584313725490196
0.596078431372549
0.909803921568627
0.921568627450980
0.917647058823529
0.917647058823529
0.921568627450980
0.925490196078431
0.921568627450980
0.933333333333333
0.941176470588235
0.780392156862745
0.635294117647059
0.764705882352941
0.901960784313726
0.807843137254902
0.556862745098039
0.592156862745098
0.800000000000000
0.647058823529412
0.454901960784314
0.458823529411765
0.384313725490196
0.392156862745098
0.482352941176471
0.411764705882353
0.454901960784314
0.517647058823529
0.529411764705882
0.545098039215686
0.568627450980392
0.603921568627451
0.627450980392157
0.635294117647059
0.909803921568627
0.921568627450980
0.917647058823529
0.917647058823529
0.925490196078431
0.925490196078431
0.925490196078431
0.937254901960784
0.941176470588235
0.921568627450980
0.894117647058824
0.901960784313726
0.890196078431372
0.729411764705882
0.537254901960784
0.643137254901961
0.811764705882353
0.611764705882353
0.490196078431373
0.474509803921569
0.407843137254902
0.443137254901961
0.450980392156863
0.435294117647059
0.509803921568627
0.552941176470588
0.600000000000000
0.615686274509804
0.623529411764706
0.658823529411765
0.674509803921569
0.670588235294118
0.913725490196078
0.925490196078431
0.921568627450980
0.921568627450980
0.925490196078431
0.929411764705882
0.933333333333333
0.937254901960784
0.941176470588235
0.945098039215686
0.945098039215686
0.941176470588235
0.901960784313726
0.772549019607843
0.600000000000000
0.682352941176471
0.768627450980392
0.572549019607843
0.521568627450980
0.490196078431373
0.466666666666667
0.486274509803922
0.482352941176471
0.525490196078431
0.576470588235294
0.635294117647059
0.690196078431373
0.701960784313725
0.690196078431373
0.721568627450980
0.741176470588235
0.717647058823529
0.913725490196078
0.925490196078431
0.921568627450980
0.921568627450980
0.925490196078431
0.929411764705882
0.929411764705882
0.937254901960784
0.941176470588235
0.941176470588235
0.941176470588235
0.945098039215686
0.937254901960784
0.866666666666667
0.772549019607843
0.807843137254902
0.717647058823529
0.560784313725490
0.552941176470588
0.521568627450980
0.529411764705882
0.533333333333333
0.545098039215686
0.596078431372549
0.674509803921569
0.713725490196078
0.733333333333333
0.749019607843137
0.752941176470588
0.772549019607843
0.784313725490196
0.764705882352941
0.909803921568627
0.921568627450980
0.917647058823529
0.921568627450980
0.925490196078431
0.929411764705882
0.929411764705882
0.933333333333333
0.933333333333333
0.941176470588235
0.941176470588235
0.941176470588235
0.945098039215686
0.905882352941176
0.831372549019608
0.796078431372549
0.686274509803922
0.603921568627451
0.556862745098039
0.564705882352941
0.584313725490196
0.572549019607843
0.627450980392157
0.701960784313725
0.760784313725490
0.772549019607843
0.776470588235294
0.788235294117647
0.792156862745098
0.792156862745098
0.792156862745098
0.784313725490196
0.921568627450980
0.933333333333333
0.929411764705882
0.933333333333333
0.929411764705882
0.933333333333333
0.898039215686275
0.870588235294118
0.945098039215686
0.584313725490196
0.552941176470588
0.878431372549020
0.870588235294118
0.596078431372549
0.423529411764706
0.301960784313725
0.137254901960784
0.094117647058824
0.278431372549020
0.631372549019608
0.427450980392157
0.160784313725490
0.215686274509804
0.176470588235294
0.066666666666667
0.137254901960784
0.250980392156863
0.321568627450980
0.364705882352941
0.349019607843137
0.321568627450980
0.325490196078431
0.905882352941176
0.921568627450980
0.917647058823529
0.921568627450980
0.917647058823529
0.921568627450980
0.894117647058824
0.913725490196078
0.952941176470588
0.580392156862745
0.521568627450980
0.843137254901961
0.850980392156863
0.576470588235294
0.447058823529412
0.368627450980392
0.184313725490196
0.309803921568627
0.701960784313725
0.811764705882353
0.443137254901961
0.098039215686275
0.078431372549020
0.101960784313725
0.035294117647059
0.027450980392157
0.082352941176471
0.168627450980392
0.196078431372549
0.145098039215686
0.141176470588235
0.188235294117647
0.909803921568627
0.921568627450980
0.917647058823529
0.921568627450980
0.921568627450980
0.921568627450980
0.905882352941176
0.933333333333333
0.964705882352941
0.600000000000000
0.537254901960784
0.878431372549020
0.878431372549020
0.552941176470588
0.392156862745098
0.454901960784314
0.592156862745098
0.850980392156863
0.870588235294118
0.760784313725490
0.478431372549020
0.137254901960784
0.074509803921569
0.070588235294118
0.031372549019608
0.011764705882353
0.003921568627451
0.003921568627451
0.011764705882353
0.043137254901961
0.086274509803922
0.149019607843137
0.909803921568627
0.921568627450980
0.917647058823529
0.921568627450980
0.921568627450980
0.921568627450980
0.901960784313726
0.917647058823529
0.952941176470588
0.631372549019608
0.537254901960784
0.874509803921569
0.917647058823529
0.592156862745098
0.400000000000000
0.600000000000000
0.862745098039216
0.937254901960784
0.847058823529412
0.741176470588235
0.498039215686275
0.188235294117647
0.207843137254902
0.160784313725490
0.043137254901961
0.015686274509804
0.007843137254902
0.007843137254902
0.003921568627451
0.015686274509804
0.066666666666667
0.145098039215686
0.909803921568627
0.921568627450980
0.917647058823529
0.921568627450980
0.921568627450980
0.921568627450980
0.913725490196078
0.917647058823529
0.941176470588235
0.749019607843137
0.647058823529412
0.890196078431372
0.945098039215686
0.647058823529412
0.607843137254902
0.611764705882353
0.588235294117647
0.831372549019608
0.850980392156863
0.733333333333333
0.525490196078431
0.203921568627451
0.227450980392157
0.329411764705882
0.180392156862745
0.027450980392157
0.000000000000000
0.000000000000000
0.000000000000000
0.007843137254902
0.058823529411765
0.137254901960784
0.909803921568627
0.921568627450980
0.917647058823529
0.921568627450980
0.921568627450980
0.921568627450980
0.925490196078431
0.925490196078431
0.929411764705882
0.913725490196078
0.905882352941176
0.905882352941176
0.890196078431372
0.756862745098039
0.643137254901961
0.431372549019608
0.482352941176471
0.827450980392157
0.898039215686275
0.745098039215686
0.556862745098039
0.219607843137255
0.160784313725490
0.298039215686275
0.223529411764706
0.066666666666667
0.019607843137255
0.007843137254902
0.003921568627451
0.015686274509804
0.058823529411765
0.129411764705882
0.909803921568627
0.921568627450980
0.917647058823529
0.921568627450980
0.921568627450980
0.921568627450980
0.921568627450980
0.921568627450980
0.921568627450980
0.913725490196078
0.882352941176471
0.827450980392157
0.815686274509804
0.803921568627451
0.643137254901961
0.462745098039216
0.525490196078431
0.854901960784314
0.901960784313726
0.752941176470588
0.576470588235294
0.227450980392157
0.117647058823529
0.223529411764706
0.184313725490196
0.066666666666667
0.035294117647059
0.019607843137255
0.011764705882353
0.015686274509804
0.050980392156863
0.133333333333333
0.909803921568627
0.921568627450980
0.917647058823529
0.921568627450980
0.921568627450980
0.921568627450980
0.921568627450980
0.925490196078431
0.921568627450980
0.909803921568627
0.878431372549020
0.807843137254902
0.682352941176471
0.800000000000000
0.811764705882353
0.631372549019608
0.635294117647059
0.898039215686275
0.890196078431372
0.756862745098039
0.588235294117647
0.239215686274510
0.094117647058824
0.145098039215686
0.137254901960784
0.047058823529412
0.019607843137255
0.007843137254902
0.007843137254902
0.007843137254902
0.047058823529412
0.149019607843137
0.909803921568627
0.921568627450980
0.917647058823529
0.917647058823529
0.917647058823529
0.917647058823529
0.925490196078431
0.933333333333333
0.929411764705882
0.917647058823529
0.913725490196078
0.839215686274510
0.717647058823529
0.886274509803922
0.917647058823529
0.713725490196078
0.705882352941177
0.929411764705882
0.890196078431372
0.752941176470588
0.596078431372549
0.243137254901961
0.066666666666667
0.082352941176471
0.078431372549020
0.027450980392157
0.007843137254902
0.000000000000000
0.003921568627451
0.003921568627451
0.047058823529412
0.156862745098039
0.909803921568627
0.921568627450980
0.917647058823529
0.917647058823529
0.917647058823529
0.921568627450980
0.925490196078431
0.933333333333333
0.929411764705882
0.921568627450980
0.917647058823529
0.870588235294118
0.839215686274510
0.917647058823529
0.894117647058824
0.772549019607843
0.827450980392157
0.964705882352941
0.894117647058824
0.745098039215686
0.627450980392157
0.274509803921569
0.058823529411765
0.043137254901961
0.027450980392157
0.011764705882353
0.000000000000000
0.000000000000000
0.000000000000000
0.003921568627451
0.050980392156863
0.160784313725490
0.913725490196078
0.925490196078431
0.917647058823529
0.917647058823529
0.921568627450980
0.925490196078431
0.929411764705882
0.929411764705882
0.929411764705882
0.925490196078431
0.917647058823529
0.882352941176471
0.737254901960784
0.717647058823529
0.745098039215686
0.776470588235294
0.882352941176471
0.960784313725490
0.894117647058824
0.741176470588235
0.647058823529412
0.301960784313725
0.058823529411765
0.027450980392157
0.015686274509804
0.007843137254902
0.000000000000000
0.000000000000000
0.000000000000000
0.003921568627451
0.054901960784314
0.172549019607843
0.913725490196078
0.925490196078431
0.917647058823529
0.917647058823529
0.921568627450980
0.925490196078431
0.933333333333333
0.937254901960784
0.937254901960784
0.921568627450980
0.921568627450980
0.858823529411765
0.474509803921569
0.360784313725490
0.541176470588235
0.784313725490196
0.913725490196078
0.937254901960784
0.866666666666667
0.741176470588235
0.674509803921569
0.341176470588235
0.078431372549020
0.027450980392157
0.011764705882353
0.011764705882353
0.003921568627451
0.000000000000000
0.003921568627451
0.007843137254902
0.058823529411765
0.180392156862745
0.913725490196078
0.925490196078431
0.917647058823529
0.917647058823529
0.917647058823529
0.925490196078431
0.901960784313726
0.796078431372549
0.768627450980392
0.839215686274510
0.921568627450980
0.874509803921569
0.494117647058824
0.356862745098039
0.513725490196078
0.792156862745098
0.909803921568627
0.862745098039216
0.811764705882353
0.737254901960784
0.709803921568627
0.415686274509804
0.164705882352941
0.137254901960784
0.058823529411765
0.007843137254902
0.003921568627451
0.000000000000000
0.007843137254902
0.023529411764706
0.078431372549020
0.176470588235294
0.913725490196078
0.925490196078431
0.917647058823529
0.917647058823529
0.917647058823529
0.917647058823529
0.898039215686275
0.866666666666667
0.854901960784314
0.886274509803922
0.925490196078431
0.882352941176471
0.517647058823529
0.356862745098039
0.529411764705882
0.850980392156863
0.941176470588235
0.937254901960784
0.843137254901961
0.729411764705882
0.729411764705882
0.474509803921569
0.219607843137255
0.356862745098039
0.525490196078431
0.250980392156863
0.043137254901961
0.007843137254902
0.000000000000000
0.007843137254902
0.082352941176471
0.188235294117647
0.913725490196078
0.925490196078431
0.921568627450980
0.921568627450980
0.921568627450980
0.929411764705882
0.933333333333333
0.921568627450980
0.905882352941176
0.909803921568627
0.933333333333333
0.901960784313726
0.545098039215686
0.352941176470588
0.658823529411765
0.925490196078431
0.933333333333333
0.945098039215686
0.756862745098039
0.639215686274510
0.705882352941177
0.494117647058824
0.235294117647059
0.305882352941176
0.701960784313725
0.572549019607843
0.231372549019608
0.149019607843137
0.109803921568627
0.050980392156863
0.105882352941176
0.231372549019608
0.913725490196078
0.925490196078431
0.917647058823529
0.917647058823529
0.921568627450980
0.909803921568627
0.894117647058824
0.854901960784314
0.898039215686275
0.925490196078431
0.925490196078431
0.913725490196078
0.576470588235294
0.384313725490196
0.811764705882353
0.850980392156863
0.745098039215686
0.917647058823529
0.737254901960784
0.603921568627451
0.686274509803922
0.494117647058824
0.243137254901961
0.243137254901961
0.580392156862745
0.580392156862745
0.266666666666667
0.211764705882353
0.184313725490196
0.094117647058824
0.176470588235294
0.290196078431373
0.913725490196078
0.913725490196078
0.905882352941176
0.901960784313726
0.925490196078431
0.854901960784314
0.800000000000000
0.823529411764706
0.850980392156863
0.909803921568627
0.933333333333333
0.929411764705882
0.631372549019608
0.505882352941176
0.874509803921569
0.729411764705882
0.639215686274510
0.894117647058824
0.721568627450980
0.603921568627451
0.674509803921569
0.498039215686275
0.278431372549020
0.235294117647059
0.513725490196078
0.564705882352941
0.262745098039216
0.180392156862745
0.090196078431373
0.098039215686275
0.262745098039216
0.325490196078431
0.913725490196078
0.913725490196078
0.905882352941176
0.905882352941176
0.929411764705882
0.823529411764706
0.745098039215686
0.823529411764706
0.870588235294118
0.921568627450980
0.941176470588235
0.937254901960784
0.682352941176471
0.701960784313725
0.909803921568627
0.674509803921569
0.635294117647059
0.839215686274510
0.764705882352941
0.666666666666667
0.658823529411765
0.494117647058824
0.317647058823529
0.243137254901961
0.490196078431373
0.552941176470588
0.270588235294118
0.168627450980392
0.047058823529412
0.160784313725490
0.317647058823529
0.360784313725490
0.913725490196078
0.917647058823529
0.917647058823529
0.909803921568627
0.901960784313726
0.811764705882353
0.749019607843137
0.827450980392157
0.921568627450980
0.945098039215686
0.945098039215686
0.945098039215686
0.862745098039216
0.913725490196078
0.890196078431372
0.623529411764706
0.666666666666667
0.901960784313726
0.729411764705882
0.639215686274510
0.639215686274510
0.470588235294118
0.301960784313725
0.247058823529412
0.486274509803922
0.537254901960784
0.262745098039216
0.141176470588235
0.086274509803922
0.243137254901961
0.333333333333333
0.380392156862745
0.909803921568627
0.917647058823529
0.925490196078431
0.905882352941176
0.858823529411765
0.784313725490196
0.745098039215686
0.796078431372549
0.890196078431372
0.937254901960784
0.933333333333333
0.929411764705882
0.929411764705882
0.945098039215686
0.831372549019608
0.584313725490196
0.694117647058824
0.898039215686275
0.611764705882353
0.568627450980392
0.607843137254902
0.439215686274510
0.298039215686275
0.270588235294118
0.498039215686275
0.505882352941176
0.231372549019608
0.133333333333333
0.215686274509804
0.321568627450980
0.345098039215686
0.380392156862745
0.917647058823529
0.929411764705882
0.913725490196078
0.772549019607843
0.701960784313725
0.741176470588235
0.694117647058824
0.768627450980392
0.917647058823529
0.968627450980392
0.835294117647059
0.815686274509804
0.921568627450980
0.945098039215686
0.764705882352941
0.541176470588235
0.733333333333333
0.905882352941176
0.631372549019608
0.580392156862745
0.580392156862745
0.415686274509804
0.305882352941176
0.290196078431373
0.494117647058824
0.478431372549020
0.192156862745098
0.152941176470588
0.317647058823529
0.396078431372549
0.411764705882353
0.419607843137255
0.917647058823529
0.933333333333333
0.933333333333333
0.858823529411765
0.815686274509804
0.792156862745098
0.670588235294118
0.733333333333333
0.921568627450980
0.952941176470588
0.749019607843137
0.796078431372549
0.933333333333333
0.929411764705882
0.682352941176471
0.482352941176471
0.713725490196078
0.917647058823529
0.705882352941177
0.600000000000000
0.545098039215686
0.407843137254902
0.309803921568627
0.325490196078431
0.521568627450980
0.415686274509804
0.164705882352941
0.219607843137255
0.388235294117647
0.443137254901961
0.431372549019608
0.415686274509804
0.909803921568627
0.929411764705882
0.921568627450980
0.835294117647059
0.866666666666667
0.862745098039216
0.694117647058824
0.725490196078431
0.941176470588235
0.886274509803922
0.674509803921569
0.811764705882353
0.941176470588235
0.913725490196078
0.639215686274510
0.462745098039216
0.713725490196078
0.909803921568627
0.678431372549020
0.564705882352941
0.517647058823529
0.403921568627451
0.325490196078431
0.388235294117647
0.564705882352941
0.325490196078431
0.180392156862745
0.321568627450980
0.435294117647059
0.439215686274510
0.419607843137255
0.423529411764706
0.901960784313726
0.921568627450980
0.917647058823529
0.901960784313726
0.909803921568627
0.909803921568627
0.827450980392157
0.800000000000000
0.945098039215686
0.827450980392157
0.639215686274510
0.792156862745098
0.913725490196078
0.850980392156863
0.576470588235294
0.482352941176471
0.733333333333333
0.878431372549020
0.619607843137255
0.533333333333333
0.498039215686275
0.400000000000000
0.352941176470588
0.482352941176471
0.552941176470588
0.270588235294118
0.278431372549020
0.411764705882353
0.439215686274510
0.435294117647059
0.439215686274510
0.458823529411765
0.905882352941176
0.917647058823529
0.917647058823529
0.921568627450980
0.929411764705882
0.929411764705882
0.937254901960784
0.941176470588235
0.952941176470588
0.764705882352941
0.623529411764706
0.827450980392157
0.929411764705882
0.831372549019608
0.549019607843137
0.501960784313725
0.741176470588235
0.831372549019608
0.541176470588235
0.509803921568627
0.505882352941176
0.411764705882353
0.396078431372549
0.572549019607843
0.454901960784314
0.274509803921569
0.400000000000000
0.450980392156863
0.443137254901961
0.450980392156863
0.466666666666667
0.482352941176471
0.913725490196078
0.925490196078431
0.917647058823529
0.917647058823529
0.921568627450980
0.921568627450980
0.917647058823529
0.933333333333333
0.941176470588235
0.729411764705882
0.600000000000000
0.768627450980392
0.898039215686275
0.862745098039216
0.564705882352941
0.509803921568627
0.749019607843137
0.819607843137255
0.529411764705882
0.525490196078431
0.521568627450980
0.431372549019608
0.462745098039216
0.584313725490196
0.356862745098039
0.345098039215686
0.454901960784314
0.450980392156863
0.466666666666667
0.494117647058824
0.498039215686275
0.521568627450980
0.909803921568627
0.921568627450980
0.917647058823529
0.917647058823529
0.921568627450980
0.921568627450980
0.913725490196078
0.929411764705882
0.941176470588235
0.725490196078431
0.560784313725490
0.643137254901961
0.831372549019608
0.874509803921569
0.596078431372549
0.568627450980392
0.800000000000000
0.772549019607843
0.521568627450980
0.545098039215686
0.505882352941176
0.450980392156863
0.541176470588235
0.529411764705882
0.380392156862745
0.443137254901961
0.470588235294118
0.462745098039216
0.494117647058824
0.537254901960784
0.541176470588235
0.552941176470588
0.909803921568627
0.921568627450980
0.917647058823529
0.917647058823529
0.921568627450980
0.921568627450980
0.921568627450980
0.933333333333333
0.941176470588235
0.788235294117647
0.650980392156863
0.792156862745098
0.929411764705882
0.839215686274510
0.592156862745098
0.631372549019608
0.850980392156863
0.701960784313725
0.513725490196078
0.552941176470588
0.478431372549020
0.466666666666667
0.541176470588235
0.447058823529412
0.454901960784314
0.494117647058824
0.501960784313725
0.513725490196078
0.537254901960784
0.568627450980392
0.592156862745098
0.600000000000000
0.909803921568627
0.921568627450980
0.917647058823529
0.917647058823529
0.925490196078431
0.925490196078431
0.925490196078431
0.933333333333333
0.937254901960784
0.921568627450980
0.898039215686275
0.913725490196078
0.917647058823529
0.768627450980392
0.576470588235294
0.682352941176471
0.854901960784314
0.662745098039216
0.549019607843137
0.564705882352941
0.494117647058824
0.501960784313725
0.490196078431373
0.454901960784314
0.505882352941176
0.529411764705882
0.576470588235294
0.588235294117647
0.592156862745098
0.631372549019608
0.643137254901961
0.639215686274510
0.913725490196078
0.925490196078431
0.921568627450980
0.921568627450980
0.925490196078431
0.929411764705882
0.929411764705882
0.933333333333333
0.937254901960784
0.937254901960784
0.937254901960784
0.933333333333333
0.913725490196078
0.803921568627451
0.627450980392157
0.721568627450980
0.815686274509804
0.631372549019608
0.592156862745098
0.572549019607843
0.541176470588235
0.533333333333333
0.501960784313725
0.521568627450980
0.564705882352941
0.619607843137255
0.670588235294118
0.682352941176471
0.670588235294118
0.701960784313725
0.717647058823529
0.698039215686274
0.913725490196078
0.925490196078431
0.921568627450980
0.921568627450980
0.925490196078431
0.929411764705882
0.929411764705882
0.933333333333333
0.937254901960784
0.937254901960784
0.933333333333333
0.937254901960784
0.949019607843137
0.890196078431372
0.796078431372549
0.835294117647059
0.756862745098039
0.619607843137255
0.619607843137255
0.580392156862745
0.572549019607843
0.552941176470588
0.537254901960784
0.572549019607843
0.647058823529412
0.690196078431373
0.717647058823529
0.733333333333333
0.737254901960784
0.756862745098039
0.768627450980392
0.749019607843137
0.909803921568627
0.921568627450980
0.917647058823529
0.921568627450980
0.925490196078431
0.929411764705882
0.933333333333333
0.933333333333333
0.933333333333333
0.937254901960784
0.937254901960784
0.937254901960784
0.949019607843137
0.917647058823529
0.847058823529412
0.815686274509804
0.717647058823529
0.647058823529412
0.611764705882353
0.611764705882353
0.611764705882353
0.584313725490196
0.619607843137255
0.686274509803922
0.745098039215686
0.760784313725490
0.768627450980392
0.780392156862745
0.788235294117647
0.788235294117647
0.784313725490196
0.780392156862745
