0.619607843137255
0.666666666666667
0.682352941176471
0.705882352941177
0.729411764705882
0.756862745098039
0.768627450980392
0.800000000000000
0.686274509803922
0.447058823529412
0.258823529411765
0.207843137254902
0.227450980392157
0.290196078431373
0.301960784313725
0.376470588235294
0.415686274509804
0.372549019607843
0.400000000000000
0.337254901960784
0.407843137254902
0.388235294117647
0.243137254901961
0.223529411764706
0.254901960784314
0.262745098039216
0.211764705882353
0.117647058823529
0.129411764705882
0.121568627450980
0.090196078431373
0.109803921568627
0.619607843137255
0.674509803921569
0.690196078431373
0.698039215686274
0.725490196078431
0.745098039215686
0.749019607843137
0.772549019607843
0.666666666666667
0.450980392156863
0.298039215686275
0.254901960784314
0.337254901960784
0.349019607843137
0.309803921568627
0.368627450980392
0.396078431372549
0.423529411764706
0.349019607843137
0.239215686274510
0.403921568627451
0.419607843137255
0.407843137254902
0.376470588235294
0.352941176470588
0.341176470588235
0.227450980392157
0.113725490196078
0.121568627450980
0.117647058823529
0.105882352941176
0.117647058823529
0.545098039215686
0.592156862745098
0.615686274509804
0.627450980392157
0.647058823529412
0.666666666666667
0.674509803921569
0.682352941176471
0.615686274509804
0.443137254901961
0.294117647058824
0.294117647058824
0.368627450980392
0.341176470588235
0.321568627450980
0.415686274509804
0.450980392156863
0.462745098039216
0.286274509803922
0.278431372549020
0.419607843137255
0.435294117647059
0.454901960784314
0.415686274509804
0.407843137254902
0.411764705882353
0.254901960784314
0.101960784313725
0.105882352941176
0.101960784313725
0.098039215686275
0.125490196078431
0.517647058823529
0.537254901960784
0.556862745098039
0.576470588235294
0.576470588235294
0.556862745098039
0.521568627450980
0.549019607843137
0.537254901960784
0.407843137254902
0.266666666666667
0.301960784313725
0.290196078431373
0.294117647058824
0.305882352941176
0.407843137254902
0.513725490196078
0.427450980392157
0.274509803921569
0.431372549019608
0.447058823529412
0.435294117647059
0.447058823529412
0.411764705882353
0.411764705882353
0.403921568627451
0.227450980392157
0.105882352941176
0.109803921568627
0.101960784313725
0.109803921568627
0.133333333333333
0.650980392156863
0.682352941176471
0.709803921568627
0.729411764705882
0.741176470588235
0.749019607843137
0.749019607843137
0.796078431372549
0.690196078431373
0.411764705882353
0.325490196078431
0.435294117647059
0.392156862745098
0.321568627450980
0.309803921568627
0.427450980392157
0.505882352941176
0.372549019607843
0.337254901960784
0.501960784313725
0.450980392156863
0.447058823529412
0.454901960784314
0.419607843137255
0.427450980392157
0.400000000000000
0.215686274509804
0.121568627450980
0.109803921568627
0.098039215686275
0.117647058823529
0.129411764705882
0.713725490196078
0.756862745098039
0.788235294117647
0.796078431372549
0.800000000000000
0.796078431372549
0.792156862745098
0.854901960784314
0.729411764705882
0.419607843137255
0.352941176470588
0.415686274509804
0.392156862745098
0.266666666666667
0.282352941176471
0.513725490196078
0.529411764705882
0.364705882352941
0.435294117647059
0.541176470588235
0.454901960784314
0.466666666666667
0.458823529411765
0.407843137254902
0.427450980392157
0.388235294117647
0.196078431372549
0.125490196078431
0.117647058823529
0.098039215686275
0.125490196078431
0.133333333333333
0.733333333333333
0.772549019607843
0.807843137254902
0.831372549019608
0.850980392156863
0.858823529411765
0.870588235294118
0.878431372549020
0.686274509803922
0.435294117647059
0.329411764705882
0.333333333333333
0.301960784313725
0.278431372549020
0.274509803921569
0.517647058823529
0.564705882352941
0.505882352941176
0.482352941176471
0.509803921568627
0.482352941176471
0.490196078431373
0.400000000000000
0.254901960784314
0.309803921568627
0.345098039215686
0.176470588235294
0.129411764705882
0.121568627450980
0.101960784313725
0.133333333333333
0.137254901960784
0.756862745098039
0.780392156862745
0.780392156862745
0.811764705882353
0.811764705882353
0.827450980392157
0.850980392156863
0.878431372549020
0.772549019607843
0.501960784313725
0.352941176470588
0.274509803921569
0.333333333333333
0.313725490196078
0.337254901960784
0.541176470588235
0.560784313725490
0.568627450980392
0.549019607843137
0.482352941176471
0.462745098039216
0.494117647058824
0.356862745098039
0.207843137254902
0.286274509803922
0.317647058823529
0.172549019607843
0.152941176470588
0.125490196078431
0.105882352941176
0.145098039215686
0.145098039215686
0.780392156862745
0.807843137254902
0.819607843137255
0.839215686274510
0.827450980392157
0.843137254901961
0.874509803921569
0.909803921568627
0.819607843137255
0.545098039215686
0.364705882352941
0.364705882352941
0.470588235294118
0.349019607843137
0.427450980392157
0.564705882352941
0.572549019607843
0.584313725490196
0.560784313725490
0.462745098039216
0.454901960784314
0.458823529411765
0.329411764705882
0.231372549019608
0.333333333333333
0.298039215686275
0.180392156862745
0.192156862745098
0.137254901960784
0.113725490196078
0.152941176470588
0.149019607843137
0.803921568627451
0.843137254901961
0.874509803921569
0.894117647058824
0.905882352941176
0.917647058823529
0.921568627450980
0.929411764705882
0.831372549019608
0.572549019607843
0.415686274509804
0.443137254901961
0.521568627450980
0.403921568627451
0.474509803921569
0.596078431372549
0.588235294117647
0.592156862745098
0.505882352941176
0.423529411764706
0.525490196078431
0.490196078431373
0.317647058823529
0.250980392156863
0.345098039215686
0.270588235294118
0.200000000000000
0.203921568627451
0.129411764705882
0.125490196078431
0.152941176470588
0.149019607843137
0.819607843137255
0.850980392156863
0.854901960784314
0.866666666666667
0.870588235294118
0.866666666666667
0.854901960784314
0.862745098039216
0.807843137254902
0.592156862745098
0.400000000000000
0.372549019607843
0.498039215686275
0.462745098039216
0.505882352941176
0.607843137254902
0.603921568627451
0.588235294117647
0.470588235294118
0.462745098039216
0.552941176470588
0.490196078431373
0.305882352941176
0.266666666666667
0.384313725490196
0.231372549019608
0.215686274509804
0.207843137254902
0.117647058823529
0.145098039215686
0.156862745098039
0.141176470588235
0.807843137254902
0.823529411764706
0.831372549019608
0.839215686274510
0.839215686274510
0.839215686274510
0.839215686274510
0.862745098039216
0.823529411764706
0.607843137254902
0.403921568627451
0.364705882352941
0.423529411764706
0.435294117647059
0.521568627450980
0.603921568627451
0.603921568627451
0.564705882352941
0.458823529411765
0.517647058823529
0.564705882352941
0.505882352941176
0.439215686274510
0.431372549019608
0.415686274509804
0.223529411764706
0.227450980392157
0.200000000000000
0.117647058823529
0.156862745098039
0.152941176470588
0.133333333333333
0.854901960784314
0.882352941176471
0.878431372549020
0.862745098039216
0.854901960784314
0.839215686274510
0.843137254901961
0.862745098039216
0.831372549019608
0.615686274509804
0.415686274509804
0.423529411764706
0.411764705882353
0.396078431372549
0.537254901960784
0.607843137254902
0.603921568627451
0.525490196078431
0.470588235294118
0.560784313725490
0.560784313725490
0.513725490196078
0.521568627450980
0.529411764705882
0.384313725490196
0.227450980392157
0.243137254901961
0.180392156862745
0.133333333333333
0.164705882352941
0.149019607843137
0.117647058823529
0.874509803921569
0.905882352941176
0.901960784313726
0.905882352941176
0.905882352941176
0.894117647058824
0.890196078431372
0.866666666666667
0.788235294117647
0.576470588235294
0.419607843137255
0.450980392156863
0.431372549019608
0.415686274509804
0.533333333333333
0.607843137254902
0.600000000000000
0.494117647058824
0.494117647058824
0.596078431372549
0.552941176470588
0.509803921568627
0.509803921568627
0.521568627450980
0.325490196078431
0.247058823529412
0.250980392156863
0.156862745098039
0.152941176470588
0.160784313725490
0.137254901960784
0.094117647058824
0.890196078431372
0.913725490196078
0.901960784313726
0.874509803921569
0.827450980392157
0.780392156862745
0.737254901960784
0.788235294117647
0.756862745098039
0.592156862745098
0.447058823529412
0.419607843137255
0.384313725490196
0.411764705882353
0.529411764705882
0.619607843137255
0.592156862745098
0.478431372549020
0.521568627450980
0.611764705882353
0.521568627450980
0.356862745098039
0.376470588235294
0.450980392156863
0.266666666666667
0.258823529411765
0.243137254901961
0.149019607843137
0.160784313725490
0.156862745098039
0.117647058823529
0.058823529411765
0.901960784313726
0.929411764705882
0.937254901960784
0.941176470588235
0.921568627450980
0.803921568627451
0.690196078431373
0.803921568627451
0.756862745098039
0.588235294117647
0.423529411764706
0.380392156862745
0.341176470588235
0.384313725490196
0.513725490196078
0.580392156862745
0.564705882352941
0.482352941176471
0.552941176470588
0.600000000000000
0.458823529411765
0.239215686274510
0.298039215686275
0.384313725490196
0.254901960784314
0.274509803921569
0.227450980392157
0.156862745098039
0.176470588235294
0.164705882352941
0.129411764705882
0.047058823529412
0.835294117647059
0.858823529411765
0.866666666666667
0.878431372549020
0.886274509803922
0.811764705882353
0.733333333333333
0.674509803921569
0.556862745098039
0.462745098039216
0.352941176470588
0.384313725490196
0.317647058823529
0.376470588235294
0.572549019607843
0.588235294117647
0.509803921568627
0.478431372549020
0.588235294117647
0.584313725490196
0.384313725490196
0.223529411764706
0.325490196078431
0.345098039215686
0.274509803921569
0.282352941176471
0.200000000000000
0.149019607843137
0.164705882352941
0.152941176470588
0.109803921568627
0.031372549019608
0.886274509803922
0.894117647058824
0.894117647058824
0.894117647058824
0.878431372549020
0.807843137254902
0.729411764705882
0.541176470588235
0.411764705882353
0.392156862745098
0.352941176470588
0.372549019607843
0.317647058823529
0.384313725490196
0.580392156862745
0.615686274509804
0.525490196078431
0.521568627450980
0.556862745098039
0.537254901960784
0.349019607843137
0.219607843137255
0.337254901960784
0.309803921568627
0.290196078431373
0.266666666666667
0.149019607843137
0.172549019607843
0.203921568627451
0.180392156862745
0.141176470588235
0.074509803921569
0.905882352941176
0.909803921568627
0.913725490196078
0.913725490196078
0.909803921568627
0.921568627450980
0.803921568627451
0.392156862745098
0.349019607843137
0.388235294117647
0.356862745098039
0.384313725490196
0.341176470588235
0.384313725490196
0.572549019607843
0.611764705882353
0.545098039215686
0.607843137254902
0.600000000000000
0.568627450980392
0.509803921568627
0.450980392156863
0.419607843137255
0.305882352941176
0.317647058823529
0.243137254901961
0.145098039215686
0.258823529411765
0.286274509803922
0.250980392156863
0.223529411764706
0.176470588235294
0.921568627450980
0.949019607843137
0.937254901960784
0.894117647058824
0.831372549019608
0.756862745098039
0.733333333333333
0.325490196078431
0.356862745098039
0.388235294117647
0.333333333333333
0.380392156862745
0.372549019607843
0.427450980392157
0.588235294117647
0.572549019607843
0.498039215686275
0.580392156862745
0.623529411764706
0.603921568627451
0.588235294117647
0.580392156862745
0.423529411764706
0.313725490196078
0.321568627450980
0.211764705882353
0.188235294117647
0.215686274509804
0.192156862745098
0.149019607843137
0.141176470588235
0.125490196078431
0.925490196078431
0.960784313725490
0.909803921568627
0.694117647058824
0.623529411764706
0.439215686274510
0.470588235294118
0.278431372549020
0.329411764705882
0.333333333333333
0.282352941176471
0.352941176470588
0.372549019607843
0.447058823529412
0.580392156862745
0.466666666666667
0.368627450980392
0.513725490196078
0.592156862745098
0.600000000000000
0.592156862745098
0.545098039215686
0.376470588235294
0.317647058823529
0.282352941176471
0.180392156862745
0.192156862745098
0.160784313725490
0.117647058823529
0.109803921568627
0.117647058823529
0.098039215686275
0.909803921568627
0.917647058823529
0.835294117647059
0.674509803921569
0.658823529411765
0.619607843137255
0.537254901960784
0.243137254901961
0.325490196078431
0.337254901960784
0.258823529411765
0.333333333333333
0.439215686274510
0.556862745098039
0.639215686274510
0.509803921568627
0.458823529411765
0.576470588235294
0.615686274509804
0.603921568627451
0.603921568627451
0.509803921568627
0.345098039215686
0.313725490196078
0.200000000000000
0.184313725490196
0.188235294117647
0.145098039215686
0.137254901960784
0.141176470588235
0.113725490196078
0.105882352941176
0.917647058823529
0.925490196078431
0.925490196078431
0.901960784313726
0.878431372549020
0.870588235294118
0.674509803921569
0.254901960784314
0.368627450980392
0.337254901960784
0.372549019607843
0.584313725490196
0.666666666666667
0.705882352941177
0.701960784313725
0.572549019607843
0.572549019607843
0.635294117647059
0.647058823529412
0.627450980392157
0.596078431372549
0.447058823529412
0.325490196078431
0.274509803921569
0.160784313725490
0.192156862745098
0.164705882352941
0.141176470588235
0.149019607843137
0.117647058823529
0.113725490196078
0.105882352941176
0.917647058823529
0.949019607843137
0.952941176470588
0.952941176470588
0.929411764705882
0.901960784313726
0.717647058823529
0.235294117647059
0.270588235294118
0.325490196078431
0.447058823529412
0.733333333333333
0.764705882352941
0.721568627450980
0.709803921568627
0.662745098039216
0.623529411764706
0.611764705882353
0.631372549019608
0.643137254901961
0.568627450980392
0.372549019607843
0.317647058823529
0.215686274509804
0.172549019607843
0.172549019607843
0.149019607843137
0.145098039215686
0.125490196078431
0.113725490196078
0.113725490196078
0.109803921568627
0.925490196078431
0.945098039215686
0.960784313725490
0.972549019607843
0.968627450980392
0.960784313725490
0.858823529411765
0.407843137254902
0.305882352941176
0.545098039215686
0.501960784313725
0.701960784313725
0.815686274509804
0.749019607843137
0.725490196078431
0.694117647058824
0.654901960784314
0.615686274509804
0.600000000000000
0.596078431372549
0.458823529411765
0.337254901960784
0.274509803921569
0.172549019607843
0.239215686274510
0.219607843137255
0.160784313725490
0.121568627450980
0.105882352941176
0.101960784313725
0.094117647058824
0.094117647058824
0.886274509803922
0.894117647058824
0.905882352941176
0.909803921568627
0.905882352941176
0.898039215686275
0.874509803921569
0.713725490196078
0.474509803921569
0.501960784313725
0.431372549019608
0.572549019607843
0.756862745098039
0.752941176470588
0.690196078431373
0.658823529411765
0.639215686274510
0.592156862745098
0.596078431372549
0.564705882352941
0.376470588235294
0.325490196078431
0.239215686274510
0.192156862745098
0.215686274509804
0.180392156862745
0.125490196078431
0.105882352941176
0.101960784313725
0.098039215686275
0.094117647058824
0.082352941176471
0.901960784313726
0.921568627450980
0.933333333333333
0.933333333333333
0.921568627450980
0.886274509803922
0.847058823529412
0.819607843137255
0.635294117647059
0.603921568627451
0.576470588235294
0.439215686274510
0.498039215686275
0.627450980392157
0.666666666666667
0.654901960784314
0.635294117647059
0.600000000000000
0.603921568627451
0.490196078431373
0.352941176470588
0.286274509803922
0.200000000000000
0.176470588235294
0.152941176470588
0.117647058823529
0.105882352941176
0.101960784313725
0.105882352941176
0.105882352941176
0.090196078431373
0.078431372549020
0.933333333333333
0.952941176470588
0.972549019607843
0.980392156862745
0.964705882352941
0.945098039215686
0.921568627450980
0.894117647058824
0.717647058823529
0.600000000000000
0.780392156862745
0.800000000000000
0.678431372549020
0.517647058823529
0.396078431372549
0.411764705882353
0.517647058823529
0.584313725490196
0.564705882352941
0.411764705882353
0.313725490196078
0.227450980392157
0.176470588235294
0.160784313725490
0.137254901960784
0.109803921568627
0.109803921568627
0.105882352941176
0.113725490196078
0.109803921568627
0.105882352941176
0.133333333333333
0.909803921568627
0.913725490196078
0.929411764705882
0.933333333333333
0.909803921568627
0.894117647058824
0.886274509803922
0.854901960784314
0.682352941176471
0.462745098039216
0.490196078431373
0.603921568627451
0.698039215686274
0.666666666666667
0.352941176470588
0.270588235294118
0.564705882352941
0.623529411764706
0.513725490196078
0.360784313725490
0.254901960784314
0.235294117647059
0.203921568627451
0.133333333333333
0.125490196078431
0.113725490196078
0.105882352941176
0.109803921568627
0.117647058823529
0.129411764705882
0.141176470588235
0.098039215686275
0.894117647058824
0.909803921568627
0.901960784313726
0.894117647058824
0.917647058823529
0.905882352941176
0.882352941176471
0.831372549019608
0.639215686274510
0.427450980392157
0.403921568627451
0.372549019607843
0.313725490196078
0.313725490196078
0.286274509803922
0.384313725490196
0.752941176470588
0.643137254901961
0.474509803921569
0.294117647058824
0.278431372549020
0.294117647058824
0.180392156862745
0.117647058823529
0.117647058823529
0.098039215686275
0.098039215686275
0.117647058823529
0.149019607843137
0.145098039215686
0.074509803921569
0.019607843137255
0.929411764705882
0.964705882352941
0.980392156862745
0.976470588235294
0.972549019607843
0.952941176470588
0.941176470588235
0.937254901960784
0.811764705882353
0.517647058823529
0.360784313725490
0.341176470588235
0.333333333333333
0.235294117647059
0.215686274509804
0.337254901960784
0.603921568627451
0.615686274509804
0.490196078431373
0.337254901960784
0.286274509803922
0.200000000000000
0.117647058823529
0.105882352941176
0.105882352941176
0.094117647058824
0.109803921568627
0.129411764705882
0.101960784313725
0.035294117647059
0.015686274509804
0.015686274509804
0.933333333333333
0.964705882352941
0.960784313725490
0.956862745098039
0.949019607843137
0.921568627450980
0.921568627450980
0.925490196078431
0.764705882352941
0.482352941176471
0.368627450980392
0.333333333333333
0.309803921568627
0.262745098039216
0.231372549019608
0.282352941176471
0.411764705882353
0.580392156862745
0.584313725490196
0.517647058823529
0.254901960784314
0.105882352941176
0.094117647058824
0.094117647058824
0.098039215686275
0.117647058823529
0.121568627450980
0.090196078431373
0.050980392156863
0.015686274509804
0.019607843137255
0.027450980392157
0.745098039215686
0.784313725490196
0.788235294117647
0.796078431372549
0.811764705882353
0.815686274509804
0.800000000000000
0.803921568627451
0.678431372549020
0.450980392156863
0.305882352941176
0.290196078431373
0.317647058823529
0.380392156862745
0.400000000000000
0.482352941176471
0.521568627450980
0.486274509803922
0.505882352941176
0.439215686274510
0.521568627450980
0.517647058823529
0.368627450980392
0.337254901960784
0.352941176470588
0.360784313725490
0.298039215686275
0.176470588235294
0.168627450980392
0.156862745098039
0.133333333333333
0.160784313725490
0.733333333333333
0.780392156862745
0.784313725490196
0.780392156862745
0.800000000000000
0.803921568627451
0.780392156862745
0.776470588235294
0.658823529411765
0.454901960784314
0.341176470588235
0.333333333333333
0.419607843137255
0.431372549019608
0.396078431372549
0.462745098039216
0.490196078431373
0.521568627450980
0.443137254901961
0.333333333333333
0.517647058823529
0.549019607843137
0.537254901960784
0.490196078431373
0.454901960784314
0.439215686274510
0.309803921568627
0.168627450980392
0.156862745098039
0.152941176470588
0.149019607843137
0.168627450980392
0.650980392156863
0.690196078431373
0.701960784313725
0.701960784313725
0.709803921568627
0.717647058823529
0.701960784313725
0.686274509803922
0.603921568627451
0.447058823529412
0.337254901960784
0.372549019607843
0.443137254901961
0.415686274509804
0.400000000000000
0.498039215686275
0.541176470588235
0.552941176470588
0.376470588235294
0.376470588235294
0.529411764705882
0.564705882352941
0.580392156862745
0.525490196078431
0.505882352941176
0.509803921568627
0.337254901960784
0.156862745098039
0.141176470588235
0.137254901960784
0.141176470588235
0.176470588235294
0.619607843137255
0.627450980392157
0.635294117647059
0.643137254901961
0.631372549019608
0.603921568627451
0.545098039215686
0.541176470588235
0.521568627450980
0.411764705882353
0.321568627450980
0.384313725490196
0.364705882352941
0.364705882352941
0.380392156862745
0.486274509803922
0.596078431372549
0.513725490196078
0.364705882352941
0.529411764705882
0.560784313725490
0.560784313725490
0.572549019607843
0.525490196078431
0.513725490196078
0.498039215686275
0.305882352941176
0.164705882352941
0.149019607843137
0.141176470588235
0.156862745098039
0.184313725490196
0.756862745098039
0.780392156862745
0.788235294117647
0.788235294117647
0.788235294117647
0.788235294117647
0.760784313725490
0.752941176470588
0.647058823529412
0.427450980392157
0.388235294117647
0.501960784313725
0.458823529411765
0.384313725490196
0.372549019607843
0.494117647058824
0.580392156862745
0.454901960784314
0.431372549019608
0.607843137254902
0.560784313725490
0.564705882352941
0.572549019607843
0.537254901960784
0.537254901960784
0.486274509803922
0.290196078431373
0.192156862745098
0.172549019607843
0.152941176470588
0.172549019607843
0.188235294117647
0.815686274509804
0.850980392156863
0.862745098039216
0.850980392156863
0.839215686274510
0.831372549019608
0.796078431372549
0.796078431372549
0.674509803921569
0.431372549019608
0.411764705882353
0.478431372549020
0.450980392156863
0.329411764705882
0.345098039215686
0.580392156862745
0.603921568627451
0.447058823529412
0.529411764705882
0.647058823529412
0.560784313725490
0.576470588235294
0.568627450980392
0.521568627450980
0.541176470588235
0.470588235294118
0.270588235294118
0.203921568627451
0.188235294117647
0.160784313725490
0.184313725490196
0.188235294117647
0.827450980392157
0.854901960784314
0.874509803921569
0.882352941176471
0.882352941176471
0.886274509803922
0.866666666666667
0.807843137254902
0.627450980392157
0.439215686274510
0.380392156862745
0.384313725490196
0.364705882352941
0.349019607843137
0.345098039215686
0.596078431372549
0.650980392156863
0.596078431372549
0.580392156862745
0.611764705882353
0.588235294117647
0.592156862745098
0.505882352941176
0.360784313725490
0.415686274509804
0.431372549019608
0.250980392156863
0.207843137254902
0.192156862745098
0.160784313725490
0.192156862745098
0.188235294117647
0.847058823529412
0.854901960784314
0.839215686274510
0.850980392156863
0.835294117647059
0.843137254901961
0.835294117647059
0.800000000000000
0.701960784313725
0.498039215686275
0.392156862745098
0.317647058823529
0.400000000000000
0.392156862745098
0.419607843137255
0.627450980392157
0.654901960784314
0.666666666666667
0.643137254901961
0.576470588235294
0.556862745098039
0.588235294117647
0.450980392156863
0.301960784313725
0.380392156862745
0.400000000000000
0.247058823529412
0.227450980392157
0.196078431372549
0.168627450980392
0.200000000000000
0.192156862745098
0.858823529411765
0.874509803921569
0.866666666666667
0.874509803921569
0.843137254901961
0.854901960784314
0.858823529411765
0.831372549019608
0.745098039215686
0.529411764705882
0.396078431372549
0.407843137254902
0.537254901960784
0.431372549019608
0.509803921568627
0.654901960784314
0.666666666666667
0.686274509803922
0.662745098039216
0.556862745098039
0.541176470588235
0.545098039215686
0.415686274509804
0.321568627450980
0.423529411764706
0.380392156862745
0.254901960784314
0.266666666666667
0.207843137254902
0.180392156862745
0.211764705882353
0.196078431372549
0.866666666666667
0.898039215686275
0.913725490196078
0.921568627450980
0.929411764705882
0.933333333333333
0.913725490196078
0.874509803921569
0.760784313725490
0.533333333333333
0.427450980392157
0.505882352941176
0.596078431372549
0.482352941176471
0.556862745098039
0.686274509803922
0.682352941176471
0.686274509803922
0.623529411764706
0.552941176470588
0.631372549019608
0.572549019607843
0.400000000000000
0.349019607843137
0.454901960784314
0.352941176470588
0.274509803921569
0.278431372549020
0.203921568627451
0.200000000000000
0.223529411764706
0.200000000000000
0.870588235294118
0.898039215686275
0.886274509803922
0.890196078431372
0.886274509803922
0.874509803921569
0.847058823529412
0.815686274509804
0.741176470588235
0.549019607843137
0.415686274509804
0.443137254901961
0.584313725490196
0.541176470588235
0.592156862745098
0.701960784313725
0.701960784313725
0.690196078431373
0.588235294117647
0.592156862745098
0.662745098039216
0.580392156862745
0.388235294117647
0.360784313725490
0.486274509803922
0.313725490196078
0.290196078431373
0.282352941176471
0.192156862745098
0.219607843137255
0.231372549019608
0.192156862745098
0.854901960784314
0.858823529411765
0.858823529411765
0.850980392156863
0.843137254901961
0.843137254901961
0.831372549019608
0.823529411764706
0.764705882352941
0.576470588235294
0.435294117647059
0.450980392156863
0.513725490196078
0.525490196078431
0.619607843137255
0.705882352941177
0.713725490196078
0.678431372549020
0.572549019607843
0.627450980392157
0.670588235294118
0.603921568627451
0.529411764705882
0.513725490196078
0.494117647058824
0.298039215686275
0.301960784313725
0.274509803921569
0.192156862745098
0.227450980392157
0.223529411764706
0.176470588235294
0.898039215686275
0.913725490196078
0.898039215686275
0.866666666666667
0.850980392156863
0.843137254901961
0.847058823529412
0.835294117647059
0.780392156862745
0.592156862745098
0.447058823529412
0.517647058823529
0.509803921568627
0.494117647058824
0.639215686274510
0.717647058823529
0.725490196078431
0.654901960784314
0.580392156862745
0.654901960784314
0.662745098039216
0.623529411764706
0.615686274509804
0.600000000000000
0.443137254901961
0.294117647058824
0.317647058823529
0.254901960784314
0.207843137254902
0.239215686274510
0.223529411764706
0.156862745098039
0.909803921568627
0.933333333333333
0.917647058823529
0.909803921568627
0.898039215686275
0.898039215686275
0.901960784313726
0.847058823529412
0.749019607843137
0.560784313725490
0.462745098039216
0.545098039215686
0.533333333333333
0.513725490196078
0.643137254901961
0.721568627450980
0.725490196078431
0.627450980392157
0.600000000000000
0.678431372549020
0.647058823529412
0.611764705882353
0.603921568627451
0.588235294117647
0.372549019607843
0.313725490196078
0.321568627450980
0.231372549019608
0.231372549019608
0.239215686274510
0.215686274509804
0.133333333333333
0.921568627450980
0.937254901960784
0.917647058823529
0.886274509803922
0.831372549019608
0.780392156862745
0.737254901960784
0.780392156862745
0.756862745098039
0.619607843137255
0.517647058823529
0.525490196078431
0.490196078431373
0.509803921568627
0.631372549019608
0.725490196078431
0.709803921568627
0.603921568627451
0.623529411764706
0.682352941176471
0.592156862745098
0.431372549019608
0.447058823529412
0.517647058823529
0.329411764705882
0.329411764705882
0.317647058823529
0.227450980392157
0.243137254901961
0.235294117647059
0.200000000000000
0.101960784313725
0.929411764705882
0.952941176470588
0.956862745098039
0.956862745098039
0.925490196078431
0.803921568627451
0.690196078431373
0.807843137254902
0.776470588235294
0.631372549019608
0.498039215686275
0.482352941176471
0.443137254901961
0.486274509803922
0.615686274509804
0.682352941176471
0.670588235294118
0.592156862745098
0.647058823529412
0.670588235294118
0.525490196078431
0.305882352941176
0.364705882352941
0.450980392156863
0.325490196078431
0.356862745098039
0.313725490196078
0.231372549019608
0.239215686274510
0.215686274509804
0.168627450980392
0.066666666666667
0.862745098039216
0.882352941176471
0.886274509803922
0.894117647058824
0.890196078431372
0.819607843137255
0.745098039215686
0.698039215686274
0.596078431372549
0.525490196078431
0.427450980392157
0.470588235294118
0.423529411764706
0.482352941176471
0.670588235294118
0.678431372549020
0.596078431372549
0.564705882352941
0.666666666666667
0.654901960784314
0.454901960784314
0.294117647058824
0.396078431372549
0.415686274509804
0.349019607843137
0.372549019607843
0.286274509803922
0.219607843137255
0.215686274509804
0.180392156862745
0.121568627450980
0.031372549019608
0.913725490196078
0.917647058823529
0.913725490196078
0.905882352941176
0.882352941176471
0.815686274509804
0.752941176470588
0.584313725490196
0.474509803921569
0.466666666666667
0.427450980392157
0.450980392156863
0.423529411764706
0.498039215686275
0.678431372549020
0.698039215686274
0.596078431372549
0.588235294117647
0.627450980392157
0.607843137254902
0.419607843137255
0.290196078431373
0.407843137254902
0.380392156862745
0.360784313725490
0.349019607843137
0.231372549019608
0.247058823529412
0.270588235294118
0.235294117647059
0.188235294117647
0.105882352941176
0.933333333333333
0.933333333333333
0.933333333333333
0.929411764705882
0.925490196078431
0.937254901960784
0.831372549019608
0.443137254901961
0.419607843137255
0.470588235294118
0.431372549019608
0.454901960784314
0.447058823529412
0.494117647058824
0.666666666666667
0.686274509803922
0.603921568627451
0.658823529411765
0.658823529411765
0.635294117647059
0.580392156862745
0.517647058823529
0.490196078431373
0.376470588235294
0.384313725490196
0.317647058823529
0.215686274509804
0.333333333333333
0.368627450980392
0.333333333333333
0.305882352941176
0.247058823529412
0.937254901960784
0.960784313725490
0.952941176470588
0.921568627450980
0.882352941176471
0.800000000000000
0.752941176470588
0.364705882352941
0.423529411764706
0.470588235294118
0.419607843137255
0.466666666666667
0.482352941176471
0.529411764705882
0.662745098039216
0.627450980392157
0.545098039215686
0.627450980392157
0.674509803921569
0.658823529411765
0.643137254901961
0.639215686274510
0.486274509803922
0.380392156862745
0.392156862745098
0.286274509803922
0.266666666666667
0.286274509803922
0.258823529411765
0.211764705882353
0.196078431372549
0.172549019607843
0.945098039215686
0.968627450980392
0.921568627450980
0.721568627450980
0.666666666666667
0.486274509803922
0.505882352941176
0.333333333333333
0.407843137254902
0.423529411764706
0.376470588235294
0.443137254901961
0.462745098039216
0.525490196078431
0.635294117647059
0.501960784313725
0.400000000000000
0.549019607843137
0.631372549019608
0.639215686274510
0.639215686274510
0.600000000000000
0.443137254901961
0.388235294117647
0.360784313725490
0.254901960784314
0.262745098039216
0.223529411764706
0.172549019607843
0.156862745098039
0.160784313725490
0.129411764705882
0.937254901960784
0.929411764705882
0.839215686274510
0.686274509803922
0.682352941176471
0.654901960784314
0.592156862745098
0.313725490196078
0.407843137254902
0.423529411764706
0.341176470588235
0.407843137254902
0.498039215686275
0.600000000000000
0.662745098039216
0.521568627450980
0.470588235294118
0.596078431372549
0.643137254901961
0.631372549019608
0.639215686274510
0.560784313725490
0.415686274509804
0.396078431372549
0.290196078431373
0.254901960784314
0.247058823529412
0.200000000000000
0.180392156862745
0.180392156862745
0.145098039215686
0.133333333333333
0.945098039215686
0.937254901960784
0.917647058823529
0.894117647058824
0.878431372549020
0.890196078431372
0.717647058823529
0.313725490196078
0.431372549019608
0.400000000000000
0.423529411764706
0.619607843137255
0.686274509803922
0.709803921568627
0.694117647058824
0.556862745098039
0.564705882352941
0.647058823529412
0.658823529411765
0.639215686274510
0.623529411764706
0.494117647058824
0.400000000000000
0.372549019607843
0.262745098039216
0.262745098039216
0.211764705882353
0.184313725490196
0.184313725490196
0.145098039215686
0.137254901960784
0.133333333333333
0.945098039215686
0.960784313725490
0.945098039215686
0.945098039215686
0.925490196078431
0.913725490196078
0.745098039215686
0.270588235294118
0.309803921568627
0.360784313725490
0.466666666666667
0.741176470588235
0.760784313725490
0.705882352941177
0.682352941176471
0.631372549019608
0.607843137254902
0.619607843137255
0.643137254901961
0.650980392156863
0.596078431372549
0.427450980392157
0.396078431372549
0.309803921568627
0.270588235294118
0.239215686274510
0.196078431372549
0.184313725490196
0.156862745098039
0.141176470588235
0.137254901960784
0.137254901960784
0.949019607843137
0.960784313725490
0.968627450980392
0.972549019607843
0.968627450980392
0.964705882352941
0.878431372549020
0.423529411764706
0.321568627450980
0.560784313725490
0.517647058823529
0.717647058823529
0.807843137254902
0.721568627450980
0.690196078431373
0.662745098039216
0.647058823529412
0.639215686274510
0.627450980392157
0.619607843137255
0.501960784313725
0.403921568627451
0.345098039215686
0.235294117647059
0.290196078431373
0.270588235294118
0.211764705882353
0.172549019607843
0.152941176470588
0.149019607843137
0.145098039215686
0.137254901960784
0.905882352941176
0.913725490196078
0.913725490196078
0.909803921568627
0.905882352941176
0.898039215686275
0.878431372549020
0.717647058823529
0.478431372549020
0.501960784313725
0.435294117647059
0.580392156862745
0.741176470588235
0.717647058823529
0.658823529411765
0.635294117647059
0.635294117647059
0.607843137254902
0.619607843137255
0.592156862745098
0.423529411764706
0.392156862745098
0.309803921568627
0.250980392156863
0.258823529411765
0.227450980392157
0.176470588235294
0.156862745098039
0.152941176470588
0.149019607843137
0.145098039215686
0.133333333333333
0.921568627450980
0.937254901960784
0.941176470588235
0.933333333333333
0.921568627450980
0.882352941176471
0.839215686274510
0.807843137254902
0.623529411764706
0.592156862745098
0.564705882352941
0.427450980392157
0.462745098039216
0.592156862745098
0.643137254901961
0.650980392156863
0.639215686274510
0.611764705882353
0.619607843137255
0.509803921568627
0.400000000000000
0.352941176470588
0.270588235294118
0.235294117647059
0.200000000000000
0.164705882352941
0.156862745098039
0.152941176470588
0.156862745098039
0.156862745098039
0.141176470588235
0.133333333333333
0.952941176470588
0.972549019607843
0.980392156862745
0.980392156862745
0.964705882352941
0.937254901960784
0.898039215686275
0.870588235294118
0.686274509803922
0.568627450980392
0.749019607843137
0.772549019607843
0.635294117647059
0.478431372549020
0.384313725490196
0.423529411764706
0.533333333333333
0.592156862745098
0.572549019607843
0.435294117647059
0.356862745098039
0.298039215686275
0.247058823529412
0.223529411764706
0.180392156862745
0.156862745098039
0.156862745098039
0.156862745098039
0.164705882352941
0.164705882352941
0.160784313725490
0.172549019607843
0.929411764705882
0.925490196078431
0.933333333333333
0.929411764705882
0.905882352941176
0.886274509803922
0.858823529411765
0.815686274509804
0.639215686274510
0.431372549019608
0.470588235294118
0.584313725490196
0.654901960784314
0.627450980392157
0.341176470588235
0.274509803921569
0.568627450980392
0.619607843137255
0.517647058823529
0.384313725490196
0.294117647058824
0.294117647058824
0.262745098039216
0.184313725490196
0.168627450980392
0.164705882352941
0.160784313725490
0.160784313725490
0.160784313725490
0.168627450980392
0.176470588235294
0.121568627450980
0.905882352941176
0.909803921568627
0.898039215686275
0.890196078431372
0.905882352941176
0.901960784313726
0.870588235294118
0.772549019607843
0.584313725490196
0.415686274509804
0.435294117647059
0.403921568627451
0.313725490196078
0.301960784313725
0.274509803921569
0.372549019607843
0.733333333333333
0.619607843137255
0.474509803921569
0.321568627450980
0.305882352941176
0.321568627450980
0.207843137254902
0.149019607843137
0.149019607843137
0.156862745098039
0.156862745098039
0.164705882352941
0.180392156862745
0.156862745098039
0.078431372549020
0.023529411764706
0.937254901960784
0.964705882352941
0.976470588235294
0.968627450980392
0.960784313725490
0.945098039215686
0.921568627450980
0.866666666666667
0.745098039215686
0.509803921568627
0.400000000000000
0.388235294117647
0.384313725490196
0.282352941176471
0.247058823529412
0.349019607843137
0.600000000000000
0.596078431372549
0.490196078431373
0.360784313725490
0.313725490196078
0.223529411764706
0.145098039215686
0.133333333333333
0.137254901960784
0.137254901960784
0.152941176470588
0.164705882352941
0.125490196078431
0.050980392156863
0.023529411764706
0.019607843137255
0.945098039215686
0.968627450980392
0.956862745098039
0.949019607843137
0.937254901960784
0.909803921568627
0.878431372549020
0.831372549019608
0.686274509803922
0.470588235294118
0.407843137254902
0.388235294117647
0.396078431372549
0.349019607843137
0.294117647058824
0.321568627450980
0.423529411764706
0.576470588235294
0.588235294117647
0.541176470588235
0.282352941176471
0.129411764705882
0.121568627450980
0.121568627450980
0.125490196078431
0.145098039215686
0.145098039215686
0.113725490196078
0.070588235294118
0.027450980392157
0.027450980392157
0.031372549019608
0.870588235294118
0.898039215686275
0.882352941176471
0.870588235294118
0.874509803921569
0.862745098039216
0.831372549019608
0.827450980392157
0.701960784313725
0.482352941176471
0.349019607843137
0.345098039215686
0.392156862745098
0.470588235294118
0.498039215686275
0.592156862745098
0.647058823529412
0.615686274509804
0.635294117647059
0.560784313725490
0.650980392156863
0.647058823529412
0.486274509803922
0.435294117647059
0.443137254901961
0.454901960784314
0.376470588235294
0.231372549019608
0.196078431372549
0.176470588235294
0.152941176470588
0.184313725490196
0.854901960784314
0.886274509803922
0.870588235294118
0.847058823529412
0.850980392156863
0.835294117647059
0.792156862745098
0.788235294117647
0.678431372549020
0.494117647058824
0.400000000000000
0.407843137254902
0.509803921568627
0.525490196078431
0.501960784313725
0.584313725490196
0.623529411764706
0.666666666666667
0.580392156862745
0.458823529411765
0.647058823529412
0.674509803921569
0.650980392156863
0.588235294117647
0.541176470588235
0.533333333333333
0.392156862745098
0.223529411764706
0.188235294117647
0.172549019607843
0.168627450980392
0.196078431372549
0.760784313725490
0.788235294117647
0.780392156862745
0.760784313725490
0.756862745098039
0.749019607843137
0.725490196078431
0.701960784313725
0.627450980392157
0.482352941176471
0.384313725490196
0.431372549019608
0.517647058823529
0.494117647058824
0.490196078431373
0.603921568627451
0.654901960784314
0.682352941176471
0.501960784313725
0.498039215686275
0.658823529411765
0.694117647058824
0.698039215686274
0.627450980392157
0.592156862745098
0.603921568627451
0.415686274509804
0.211764705882353
0.172549019607843
0.156862745098039
0.160784313725490
0.203921568627451
0.729411764705882
0.721568627450980
0.709803921568627
0.701960784313725
0.674509803921569
0.643137254901961
0.588235294117647
0.576470588235294
0.549019607843137
0.439215686274510
0.345098039215686
0.415686274509804
0.407843137254902
0.415686274509804
0.447058823529412
0.568627450980392
0.690196078431373
0.615686274509804
0.474509803921569
0.650980392156863
0.690196078431373
0.686274509803922
0.686274509803922
0.623529411764706
0.603921568627451
0.592156862745098
0.388235294117647
0.215686274509804
0.176470588235294
0.160784313725490
0.176470588235294
0.211764705882353
0.870588235294118
0.874509803921569
0.858823529411765
0.839215686274510
0.823529411764706
0.807843137254902
0.768627450980392
0.772549019607843
0.666666666666667
0.447058823529412
0.419607843137255
0.556862745098039
0.505882352941176
0.443137254901961
0.454901960784314
0.600000000000000
0.686274509803922
0.552941176470588
0.541176470588235
0.737254901960784
0.690196078431373
0.682352941176471
0.686274509803922
0.639215686274510
0.631372549019608
0.580392156862745
0.360784313725490
0.235294117647059
0.192156862745098
0.172549019607843
0.196078431372549
0.219607843137255
0.925490196078431
0.941176470588235
0.933333333333333
0.894117647058824
0.866666666666667
0.835294117647059
0.788235294117647
0.800000000000000
0.686274509803922
0.447058823529412
0.450980392156863
0.537254901960784
0.509803921568627
0.396078431372549
0.443137254901961
0.701960784313725
0.725490196078431
0.560784313725490
0.643137254901961
0.772549019607843
0.682352941176471
0.690196078431373
0.678431372549020
0.619607843137255
0.635294117647059
0.560784313725490
0.337254901960784
0.239215686274510
0.207843137254902
0.180392156862745
0.211764705882353
0.219607843137255
0.933333333333333
0.941176470588235
0.937254901960784
0.921568627450980
0.905882352941176
0.882352941176471
0.850980392156863
0.807843137254902
0.631372549019608
0.447058823529412
0.407843137254902
0.443137254901961
0.427450980392157
0.423529411764706
0.450980392156863
0.721568627450980
0.776470588235294
0.713725490196078
0.694117647058824
0.729411764705882
0.701960784313725
0.701960784313725
0.603921568627451
0.454901960784314
0.501960784313725
0.517647058823529
0.321568627450980
0.243137254901961
0.207843137254902
0.180392156862745
0.219607843137255
0.219607843137255
0.945098039215686
0.933333333333333
0.894117647058824
0.882352941176471
0.850980392156863
0.835294117647059
0.815686274509804
0.796078431372549
0.701960784313725
0.501960784313725
0.415686274509804
0.368627450980392
0.462745098039216
0.474509803921569
0.525490196078431
0.756862745098039
0.788235294117647
0.792156862745098
0.760784313725490
0.690196078431373
0.666666666666667
0.690196078431373
0.545098039215686
0.392156862745098
0.466666666666667
0.486274509803922
0.317647058823529
0.266666666666667
0.215686274509804
0.188235294117647
0.231372549019608
0.227450980392157
0.952941176470588
0.952941176470588
0.921568627450980
0.898039215686275
0.854901960784314
0.839215686274510
0.827450980392157
0.815686274509804
0.733333333333333
0.525490196078431
0.419607843137255
0.454901960784314
0.603921568627451
0.513725490196078
0.623529411764706
0.788235294117647
0.803921568627451
0.815686274509804
0.780392156862745
0.662745098039216
0.643137254901961
0.643137254901961
0.509803921568627
0.407843137254902
0.505882352941176
0.462745098039216
0.321568627450980
0.305882352941176
0.227450980392157
0.200000000000000
0.243137254901961
0.227450980392157
0.960784313725490
0.968627450980392
0.956862745098039
0.937254901960784
0.921568627450980
0.901960784313726
0.858823529411765
0.823529411764706
0.721568627450980
0.525490196078431
0.462745098039216
0.572549019607843
0.670588235294118
0.568627450980392
0.658823529411765
0.803921568627451
0.815686274509804
0.827450980392157
0.737254901960784
0.639215686274510
0.721568627450980
0.670588235294118
0.494117647058824
0.439215686274510
0.533333333333333
0.403921568627451
0.309803921568627
0.309803921568627
0.231372549019608
0.223529411764706
0.250980392156863
0.215686274509804
0.956862745098039
0.960784313725490
0.925490196078431
0.901960784313726
0.882352941176471
0.854901960784314
0.815686274509804
0.776470588235294
0.705882352941177
0.537254901960784
0.443137254901961
0.498039215686275
0.658823529411765
0.631372549019608
0.690196078431373
0.811764705882353
0.823529411764706
0.819607843137255
0.698039215686274
0.670588235294118
0.745098039215686
0.670588235294118
0.478431372549020
0.450980392156863
0.564705882352941
0.356862745098039
0.317647058823529
0.309803921568627
0.219607843137255
0.247058823529412
0.258823529411765
0.207843137254902
0.921568627450980
0.909803921568627
0.894117647058824
0.866666666666667
0.843137254901961
0.839215686274510
0.827450980392157
0.803921568627451
0.741176470588235
0.564705882352941
0.450980392156863
0.490196078431373
0.592156862745098
0.623529411764706
0.721568627450980
0.815686274509804
0.823529411764706
0.792156862745098
0.670588235294118
0.698039215686274
0.741176470588235
0.678431372549020
0.603921568627451
0.592156862745098
0.572549019607843
0.341176470588235
0.329411764705882
0.301960784313725
0.219607843137255
0.254901960784314
0.250980392156863
0.196078431372549
0.941176470588235
0.952941176470588
0.921568627450980
0.882352941176471
0.858823529411765
0.839215686274510
0.831372549019608
0.807843137254902
0.764705882352941
0.596078431372549
0.482352941176471
0.580392156862745
0.607843137254902
0.600000000000000
0.745098039215686
0.819607843137255
0.823529411764706
0.749019607843137
0.666666666666667
0.725490196078431
0.725490196078431
0.686274509803922
0.682352941176471
0.674509803921569
0.517647058823529
0.337254901960784
0.341176470588235
0.282352941176471
0.235294117647059
0.266666666666667
0.250980392156863
0.176470588235294
0.945098039215686
0.960784313725490
0.937254901960784
0.925490196078431
0.909803921568627
0.890196078431372
0.866666666666667
0.807843137254902
0.725490196078431
0.572549019607843
0.525490196078431
0.647058823529412
0.647058823529412
0.631372549019608
0.749019607843137
0.823529411764706
0.815686274509804
0.709803921568627
0.674509803921569
0.745098039215686
0.709803921568627
0.670588235294118
0.662745098039216
0.658823529411765
0.447058823529412
0.356862745098039
0.356862745098039
0.266666666666667
0.258823529411765
0.266666666666667
0.239215686274510
0.152941176470588
0.949019607843137
0.960784313725490
0.933333333333333
0.901960784313726
0.839215686274510
0.784313725490196
0.725490196078431
0.752941176470588
0.729411764705882
0.627450980392157
0.592156862745098
0.647058823529412
0.603921568627451
0.619607843137255
0.745098039215686
0.831372549019608
0.788235294117647
0.654901960784314
0.674509803921569
0.749019607843137
0.658823529411765
0.494117647058824
0.513725490196078
0.584313725490196
0.396078431372549
0.388235294117647
0.368627450980392
0.270588235294118
0.278431372549020
0.266666666666667
0.227450980392157
0.117647058823529
0.960784313725490
0.972549019607843
0.968627450980392
0.968627450980392
0.933333333333333
0.807843137254902
0.686274509803922
0.796078431372549
0.768627450980392
0.654901960784314
0.572549019607843
0.592156862745098
0.545098039215686
0.584313725490196
0.725490196078431
0.784313725490196
0.745098039215686
0.635294117647059
0.690196078431373
0.729411764705882
0.588235294117647
0.368627450980392
0.423529411764706
0.513725490196078
0.384313725490196
0.396078431372549
0.345098039215686
0.258823529411765
0.266666666666667
0.239215686274510
0.192156862745098
0.078431372549020
0.890196078431372
0.901960784313726
0.898039215686275
0.901960784313726
0.898039215686275
0.815686274509804
0.733333333333333
0.701960784313725
0.623529411764706
0.576470588235294
0.501960784313725
0.556862745098039
0.509803921568627
0.572549019607843
0.772549019607843
0.776470588235294
0.666666666666667
0.607843137254902
0.705882352941177
0.705882352941177
0.505882352941176
0.345098039215686
0.447058823529412
0.466666666666667
0.396078431372549
0.396078431372549
0.301960784313725
0.239215686274510
0.231372549019608
0.196078431372549
0.141176470588235
0.043137254901961
0.941176470588235
0.937254901960784
0.925490196078431
0.917647058823529
0.890196078431372
0.807843137254902
0.741176470588235
0.607843137254902
0.537254901960784
0.545098039215686
0.498039215686275
0.509803921568627
0.490196078431373
0.576470588235294
0.768627450980392
0.788235294117647
0.666666666666667
0.627450980392157
0.658823529411765
0.647058823529412
0.462745098039216
0.333333333333333
0.447058823529412
0.419607843137255
0.403921568627451
0.388235294117647
0.266666666666667
0.278431372549020
0.294117647058824
0.258823529411765
0.207843137254902
0.129411764705882
0.960784313725490
0.952941176470588
0.945098039215686
0.941176470588235
0.933333333333333
0.929411764705882
0.823529411764706
0.478431372549020
0.501960784313725
0.564705882352941
0.498039215686275
0.498039215686275
0.505882352941176
0.568627450980392
0.745098039215686
0.764705882352941
0.662745098039216
0.698039215686274
0.690196078431373
0.674509803921569
0.615686274509804
0.556862745098039
0.525490196078431
0.415686274509804
0.427450980392157
0.368627450980392
0.266666666666667
0.380392156862745
0.407843137254902
0.364705882352941
0.333333333333333
0.282352941176471
0.972549019607843
0.984313725490196
0.964705882352941
0.933333333333333
0.894117647058824
0.811764705882353
0.772549019607843
0.415686274509804
0.501960784313725
0.549019607843137
0.470588235294118
0.498039215686275
0.549019607843137
0.607843137254902
0.721568627450980
0.670588235294118
0.580392156862745
0.662745098039216
0.709803921568627
0.694117647058824
0.678431372549020
0.674509803921569
0.521568627450980
0.415686274509804
0.423529411764706
0.321568627450980
0.298039215686275
0.321568627450980
0.294117647058824
0.247058823529412
0.231372549019608
0.211764705882353
0.976470588235294
0.984313725490196
0.925490196078431
0.729411764705882
0.690196078431373
0.509803921568627
0.537254901960784
0.392156862745098
0.494117647058824
0.509803921568627
0.435294117647059
0.482352941176471
0.525490196078431
0.588235294117647
0.674509803921569
0.525490196078431
0.423529411764706
0.576470588235294
0.666666666666667
0.678431372549020
0.678431372549020
0.635294117647059
0.474509803921569
0.415686274509804
0.388235294117647
0.282352941176471
0.290196078431373
0.254901960784314
0.207843137254902
0.192156862745098
0.196078431372549
0.172549019607843
0.952941176470588
0.933333333333333
0.843137254901961
0.690196078431373
0.698039215686274
0.678431372549020
0.615686274509804
0.368627450980392
0.494117647058824
0.513725490196078
0.407843137254902
0.447058823529412
0.537254901960784
0.631372549019608
0.678431372549020
0.529411764705882
0.478431372549020
0.615686274509804
0.678431372549020
0.674509803921569
0.678431372549020
0.596078431372549
0.443137254901961
0.423529411764706
0.313725490196078
0.282352941176471
0.282352941176471
0.235294117647059
0.219607843137255
0.219607843137255
0.188235294117647
0.176470588235294
0.952941176470588
0.933333333333333
0.909803921568627
0.898039215686275
0.898039215686275
0.901960784313726
0.721568627450980
0.345098039215686
0.501960784313725
0.470588235294118
0.478431372549020
0.647058823529412
0.701960784313725
0.713725490196078
0.686274509803922
0.545098039215686
0.556862745098039
0.654901960784314
0.686274509803922
0.686274509803922
0.670588235294118
0.533333333333333
0.427450980392157
0.392156862745098
0.282352941176471
0.290196078431373
0.250980392156863
0.219607843137255
0.227450980392157
0.188235294117647
0.184313725490196
0.176470588235294
0.952941176470588
0.956862745098039
0.937254901960784
0.945098039215686
0.937254901960784
0.913725490196078
0.733333333333333
0.286274509803922
0.352941176470588
0.407843137254902
0.501960784313725
0.749019607843137
0.756862745098039
0.694117647058824
0.658823529411765
0.607843137254902
0.600000000000000
0.627450980392157
0.674509803921569
0.698039215686274
0.635294117647059
0.458823529411765
0.423529411764706
0.329411764705882
0.294117647058824
0.270588235294118
0.231372549019608
0.223529411764706
0.200000000000000
0.184313725490196
0.184313725490196
0.180392156862745
0.960784313725490
0.972549019607843
0.972549019607843
0.972549019607843
0.968627450980392
0.956862745098039
0.866666666666667
0.435294117647059
0.345098039215686
0.584313725490196
0.525490196078431
0.705882352941177
0.796078431372549
0.709803921568627
0.670588235294118
0.647058823529412
0.654901960784314
0.662745098039216
0.658823529411765
0.643137254901961
0.521568627450980
0.423529411764706
0.372549019607843
0.270588235294118
0.333333333333333
0.305882352941176
0.247058823529412
0.207843137254902
0.192156862745098
0.184313725490196
0.180392156862745
0.172549019607843
0.921568627450980
0.925490196078431
0.921568627450980
0.913725490196078
0.905882352941176
0.882352941176471
0.862745098039216
0.717647058823529
0.486274509803922
0.513725490196078
0.431372549019608
0.556862745098039
0.725490196078431
0.709803921568627
0.647058823529412
0.631372549019608
0.647058823529412
0.635294117647059
0.647058823529412
0.611764705882353
0.439215686274510
0.407843137254902
0.337254901960784
0.286274509803922
0.301960784313725
0.266666666666667
0.211764705882353
0.192156862745098
0.188235294117647
0.184313725490196
0.180392156862745
0.172549019607843
0.937254901960784
0.952941176470588
0.949019607843137
0.937254901960784
0.917647058823529
0.858823529411765
0.807843137254902
0.792156862745098
0.619607843137255
0.588235294117647
0.545098039215686
0.392156862745098
0.439215686274510
0.580392156862745
0.639215686274510
0.658823529411765
0.654901960784314
0.631372549019608
0.639215686274510
0.533333333333333
0.415686274509804
0.368627450980392
0.294117647058824
0.266666666666667
0.239215686274510
0.203921568627451
0.192156862745098
0.188235294117647
0.192156862745098
0.192156862745098
0.176470588235294
0.168627450980392
0.968627450980392
0.988235294117647
0.988235294117647
0.984313725490196
0.960784313725490
0.909803921568627
0.854901960784314
0.843137254901961
0.674509803921569
0.552941176470588
0.713725490196078
0.721568627450980
0.596078431372549
0.462745098039216
0.388235294117647
0.443137254901961
0.556862745098039
0.611764705882353
0.588235294117647
0.454901960784314
0.372549019607843
0.313725490196078
0.270588235294118
0.254901960784314
0.227450980392157
0.196078431372549
0.196078431372549
0.192156862745098
0.200000000000000
0.200000000000000
0.196078431372549
0.203921568627451
0.945098039215686
0.941176470588235
0.945098039215686
0.933333333333333
0.905882352941176
0.866666666666667
0.819607843137255
0.776470588235294
0.611764705882353
0.415686274509804
0.447058823529412
0.549019607843137
0.627450980392157
0.615686274509804
0.341176470588235
0.286274509803922
0.576470588235294
0.619607843137255
0.521568627450980
0.403921568627451
0.313725490196078
0.309803921568627
0.286274509803922
0.215686274509804
0.203921568627451
0.200000000000000
0.192156862745098
0.196078431372549
0.196078431372549
0.203921568627451
0.211764705882353
0.145098039215686
0.917647058823529
0.925490196078431
0.909803921568627
0.894117647058824
0.909803921568627
0.905882352941176
0.858823529411765
0.725490196078431
0.537254901960784
0.411764705882353
0.458823529411765
0.427450980392157
0.329411764705882
0.313725490196078
0.278431372549020
0.360784313725490
0.709803921568627
0.588235294117647
0.462745098039216
0.341176470588235
0.329411764705882
0.345098039215686
0.231372549019608
0.172549019607843
0.176470588235294
0.188235294117647
0.188235294117647
0.196078431372549
0.207843137254902
0.180392156862745
0.094117647058824
0.031372549019608
0.952941176470588
0.980392156862745
0.984313725490196
0.972549019607843
0.964705882352941
0.949019607843137
0.905882352941176
0.807843137254902
0.690196078431373
0.501960784313725
0.427450980392157
0.423529411764706
0.411764705882353
0.305882352941176
0.262745098039216
0.352941176470588
0.596078431372549
0.588235294117647
0.490196078431373
0.384313725490196
0.337254901960784
0.247058823529412
0.168627450980392
0.156862745098039
0.160784313725490
0.184313725490196
0.203921568627451
0.196078431372549
0.145098039215686
0.054901960784314
0.011764705882353
0.011764705882353
0.964705882352941
0.984313725490196
0.968627450980392
0.952941176470588
0.941176470588235
0.901960784313726
0.847058823529412
0.756862745098039
0.623529411764706
0.458823529411765
0.439215686274510
0.423529411764706
0.427450980392157
0.376470588235294
0.317647058823529
0.337254901960784
0.435294117647059
0.580392156862745
0.600000000000000
0.564705882352941
0.305882352941176
0.152941176470588
0.149019607843137
0.145098039215686
0.152941176470588
0.188235294117647
0.188235294117647
0.137254901960784
0.078431372549020
0.019607843137255
0.011764705882353
0.027450980392157
