0.607843137254902
0.600000000000000
0.607843137254902
0.592156862745098
0.592156862745098
0.580392156862745
0.580392156862745
0.600000000000000
0.627450980392157
0.670588235294118
0.686274509803922
0.709803921568627
0.725490196078431
0.729411764705882
0.729411764705882
0.721568627450980
0.725490196078431
0.733333333333333
0.745098039215686
0.749019607843137
0.749019607843137
0.729411764705882
0.725490196078431
0.690196078431373
0.447058823529412
0.478431372549020
0.470588235294118
0.356862745098039
0.364705882352941
0.349019607843137
0.349019607843137
0.360784313725490
0.654901960784314
0.639215686274510
0.627450980392157
0.615686274509804
0.619607843137255
0.611764705882353
0.600000000000000
0.607843137254902
0.623529411764706
0.654901960784314
0.705882352941177
0.733333333333333
0.745098039215686
0.760784313725490
0.772549019607843
0.780392156862745
0.788235294117647
0.800000000000000
0.811764705882353
0.823529411764706
0.815686274509804
0.792156862745098
0.788235294117647
0.737254901960784
0.388235294117647
0.427450980392157
0.380392156862745
0.215686274509804
0.235294117647059
0.223529411764706
0.235294117647059
0.235294117647059
0.690196078431373
0.670588235294118
0.658823529411765
0.650980392156863
0.658823529411765
0.654901960784314
0.647058823529412
0.639215686274510
0.639215686274510
0.635294117647059
0.658823529411765
0.698039215686274
0.729411764705882
0.737254901960784
0.768627450980392
0.776470588235294
0.796078431372549
0.811764705882353
0.811764705882353
0.819607843137255
0.811764705882353
0.796078431372549
0.792156862745098
0.752941176470588
0.431372549019608
0.443137254901961
0.419607843137255
0.254901960784314
0.258823529411765
0.239215686274510
0.247058823529412
0.239215686274510
0.745098039215686
0.733333333333333
0.721568627450980
0.694117647058824
0.682352941176471
0.682352941176471
0.682352941176471
0.674509803921569
0.674509803921569
0.674509803921569
0.690196078431373
0.733333333333333
0.670588235294118
0.619607843137255
0.776470588235294
0.784313725490196
0.815686274509804
0.839215686274510
0.839215686274510
0.843137254901961
0.827450980392157
0.819607843137255
0.823529411764706
0.768627450980392
0.419607843137255
0.458823529411765
0.439215686274510
0.270588235294118
0.266666666666667
0.223529411764706
0.243137254901961
0.235294117647059
0.694117647058824
0.701960784313725
0.733333333333333
0.705882352941177
0.694117647058824
0.670588235294118
0.658823529411765
0.674509803921569
0.682352941176471
0.666666666666667
0.678431372549020
0.717647058823529
0.600000000000000
0.517647058823529
0.760784313725490
0.772549019607843
0.803921568627451
0.831372549019608
0.831372549019608
0.835294117647059
0.819607843137255
0.811764705882353
0.823529411764706
0.752941176470588
0.400000000000000
0.450980392156863
0.427450980392157
0.258823529411765
0.262745098039216
0.223529411764706
0.243137254901961
0.247058823529412
0.650980392156863
0.607843137254902
0.682352941176471
0.725490196078431
0.709803921568627
0.682352941176471
0.690196078431373
0.737254901960784
0.690196078431373
0.670588235294118
0.694117647058824
0.666666666666667
0.517647058823529
0.454901960784314
0.721568627450980
0.784313725490196
0.807843137254902
0.831372549019608
0.827450980392157
0.831372549019608
0.823529411764706
0.807843137254902
0.815686274509804
0.737254901960784
0.380392156862745
0.439215686274510
0.407843137254902
0.258823529411765
0.262745098039216
0.231372549019608
0.243137254901961
0.258823529411765
0.658823529411765
0.603921568627451
0.690196078431373
0.780392156862745
0.749019607843137
0.768627450980392
0.796078431372549
0.780392156862745
0.690196078431373
0.705882352941177
0.713725490196078
0.682352941176471
0.584313725490196
0.368627450980392
0.552941176470588
0.788235294117647
0.815686274509804
0.827450980392157
0.827450980392157
0.831372549019608
0.819607843137255
0.819607843137255
0.819607843137255
0.725490196078431
0.368627450980392
0.447058823529412
0.384313725490196
0.247058823529412
0.250980392156863
0.223529411764706
0.243137254901961
0.262745098039216
0.650980392156863
0.623529411764706
0.737254901960784
0.772549019607843
0.768627450980392
0.764705882352941
0.764705882352941
0.819607843137255
0.745098039215686
0.690196078431373
0.682352941176471
0.713725490196078
0.756862745098039
0.427450980392157
0.360784313725490
0.694117647058824
0.839215686274510
0.815686274509804
0.815686274509804
0.835294117647059
0.831372549019608
0.784313725490196
0.819607843137255
0.717647058823529
0.364705882352941
0.443137254901961
0.368627450980392
0.239215686274510
0.254901960784314
0.231372549019608
0.247058823529412
0.254901960784314
0.666666666666667
0.623529411764706
0.713725490196078
0.713725490196078
0.717647058823529
0.752941176470588
0.737254901960784
0.768627450980392
0.705882352941177
0.607843137254902
0.611764705882353
0.701960784313725
0.776470588235294
0.568627450980392
0.329411764705882
0.458823529411765
0.686274509803922
0.796078431372549
0.827450980392157
0.800000000000000
0.615686274509804
0.584313725490196
0.823529411764706
0.713725490196078
0.345098039215686
0.435294117647059
0.368627450980392
0.258823529411765
0.270588235294118
0.235294117647059
0.243137254901961
0.258823529411765
0.701960784313725
0.647058823529412
0.701960784313725
0.800000000000000
0.760784313725490
0.745098039215686
0.737254901960784
0.745098039215686
0.686274509803922
0.611764705882353
0.627450980392157
0.701960784313725
0.749019607843137
0.694117647058824
0.407843137254902
0.329411764705882
0.360784313725490
0.486274509803922
0.537254901960784
0.443137254901961
0.396078431372549
0.549019607843137
0.827450980392157
0.698039215686274
0.333333333333333
0.439215686274510
0.364705882352941
0.250980392156863
0.254901960784314
0.227450980392157
0.239215686274510
0.262745098039216
0.733333333333333
0.670588235294118
0.694117647058824
0.803921568627451
0.741176470588235
0.741176470588235
0.733333333333333
0.741176470588235
0.690196078431373
0.588235294117647
0.623529411764706
0.705882352941177
0.729411764705882
0.760784313725490
0.556862745098039
0.364705882352941
0.298039215686275
0.278431372549020
0.282352941176471
0.184313725490196
0.254901960784314
0.592156862745098
0.843137254901961
0.701960784313725
0.345098039215686
0.435294117647059
0.345098039215686
0.235294117647059
0.243137254901961
0.219607843137255
0.254901960784314
0.254901960784314
0.733333333333333
0.686274509803922
0.745098039215686
0.776470588235294
0.725490196078431
0.721568627450980
0.745098039215686
0.749019607843137
0.690196078431373
0.611764705882353
0.603921568627451
0.709803921568627
0.737254901960784
0.760784313725490
0.701960784313725
0.501960784313725
0.356862745098039
0.341176470588235
0.341176470588235
0.227450980392157
0.145098039215686
0.392156862745098
0.741176470588235
0.678431372549020
0.313725490196078
0.427450980392157
0.337254901960784
0.223529411764706
0.231372549019608
0.211764705882353
0.321568627450980
0.282352941176471
0.733333333333333
0.662745098039216
0.752941176470588
0.823529411764706
0.768627450980392
0.733333333333333
0.713725490196078
0.756862745098039
0.709803921568627
0.588235294117647
0.623529411764706
0.721568627450980
0.749019607843137
0.749019607843137
0.764705882352941
0.678431372549020
0.411764705882353
0.329411764705882
0.325490196078431
0.247058823529412
0.200000000000000
0.176470588235294
0.564705882352941
0.666666666666667
0.301960784313725
0.431372549019608
0.321568627450980
0.223529411764706
0.231372549019608
0.235294117647059
0.329411764705882
0.286274509803922
0.733333333333333
0.670588235294118
0.760784313725490
0.772549019607843
0.725490196078431
0.741176470588235
0.760784313725490
0.737254901960784
0.666666666666667
0.572549019607843
0.639215686274510
0.733333333333333
0.756862745098039
0.756862745098039
0.788235294117647
0.792156862745098
0.549019607843137
0.329411764705882
0.329411764705882
0.298039215686275
0.266666666666667
0.207843137254902
0.572549019607843
0.666666666666667
0.305882352941176
0.427450980392157
0.309803921568627
0.235294117647059
0.231372549019608
0.239215686274510
0.317647058823529
0.286274509803922
0.721568627450980
0.635294117647059
0.737254901960784
0.768627450980392
0.725490196078431
0.741176470588235
0.772549019607843
0.733333333333333
0.674509803921569
0.600000000000000
0.658823529411765
0.756862745098039
0.764705882352941
0.768627450980392
0.800000000000000
0.815686274509804
0.709803921568627
0.388235294117647
0.337254901960784
0.341176470588235
0.290196078431373
0.196078431372549
0.580392156862745
0.670588235294118
0.325490196078431
0.431372549019608
0.313725490196078
0.239215686274510
0.235294117647059
0.231372549019608
0.305882352941176
0.282352941176471
0.721568627450980
0.647058823529412
0.725490196078431
0.796078431372549
0.792156862745098
0.749019607843137
0.764705882352941
0.768627450980392
0.713725490196078
0.619607843137255
0.678431372549020
0.756862745098039
0.768627450980392
0.780392156862745
0.800000000000000
0.803921568627451
0.796078431372549
0.517647058823529
0.325490196078431
0.364705882352941
0.345098039215686
0.376470588235294
0.658823529411765
0.678431372549020
0.396078431372549
0.423529411764706
0.305882352941176
0.247058823529412
0.239215686274510
0.239215686274510
0.317647058823529
0.274509803921569
0.713725490196078
0.666666666666667
0.756862745098039
0.803921568627451
0.780392156862745
0.745098039215686
0.768627450980392
0.792156862745098
0.733333333333333
0.650980392156863
0.666666666666667
0.756862745098039
0.764705882352941
0.780392156862745
0.800000000000000
0.792156862745098
0.807843137254902
0.654901960784314
0.349019607843137
0.352941176470588
0.356862745098039
0.611764705882353
0.792156862745098
0.662745098039216
0.443137254901961
0.450980392156863
0.313725490196078
0.247058823529412
0.250980392156863
0.254901960784314
0.345098039215686
0.286274509803922
0.705882352941177
0.643137254901961
0.760784313725490
0.811764705882353
0.780392156862745
0.764705882352941
0.756862745098039
0.760784313725490
0.698039215686274
0.650980392156863
0.643137254901961
0.752941176470588
0.752941176470588
0.780392156862745
0.800000000000000
0.784313725490196
0.792156862745098
0.745098039215686
0.419607843137255
0.313725490196078
0.337254901960784
0.627450980392157
0.807843137254902
0.627450980392157
0.423529411764706
0.439215686274510
0.309803921568627
0.258823529411765
0.247058823529412
0.239215686274510
0.329411764705882
0.290196078431373
0.721568627450980
0.650980392156863
0.756862745098039
0.823529411764706
0.784313725490196
0.733333333333333
0.784313725490196
0.768627450980392
0.709803921568627
0.643137254901961
0.627450980392157
0.737254901960784
0.745098039215686
0.784313725490196
0.800000000000000
0.780392156862745
0.772549019607843
0.796078431372549
0.513725490196078
0.274509803921569
0.333333333333333
0.501960784313725
0.752941176470588
0.631372549019608
0.415686274509804
0.411764705882353
0.282352941176471
0.250980392156863
0.227450980392157
0.227450980392157
0.333333333333333
0.294117647058824
0.729411764705882
0.647058823529412
0.760784313725490
0.796078431372549
0.752941176470588
0.776470588235294
0.803921568627451
0.807843137254902
0.733333333333333
0.615686274509804
0.635294117647059
0.725490196078431
0.737254901960784
0.776470588235294
0.780392156862745
0.780392156862745
0.760784313725490
0.796078431372549
0.607843137254902
0.243137254901961
0.286274509803922
0.282352941176471
0.603921568627451
0.654901960784314
0.419607843137255
0.419607843137255
0.270588235294118
0.227450980392157
0.219607843137255
0.223529411764706
0.325490196078431
0.294117647058824
0.733333333333333
0.654901960784314
0.764705882352941
0.811764705882353
0.764705882352941
0.752941176470588
0.776470588235294
0.760784313725490
0.694117647058824
0.615686274509804
0.627450980392157
0.721568627450980
0.737254901960784
0.768627450980392
0.760784313725490
0.764705882352941
0.756862745098039
0.764705882352941
0.639215686274510
0.227450980392157
0.215686274509804
0.384313725490196
0.639215686274510
0.647058823529412
0.423529411764706
0.423529411764706
0.262745098039216
0.219607843137255
0.215686274509804
0.235294117647059
0.313725490196078
0.294117647058824
0.733333333333333
0.678431372549020
0.772549019607843
0.823529411764706
0.780392156862745
0.737254901960784
0.772549019607843
0.788235294117647
0.737254901960784
0.635294117647059
0.658823529411765
0.729411764705882
0.745098039215686
0.768627450980392
0.760784313725490
0.768627450980392
0.760784313725490
0.752941176470588
0.713725490196078
0.301960784313725
0.180392156862745
0.439215686274510
0.698039215686274
0.631372549019608
0.431372549019608
0.415686274509804
0.258823529411765
0.223529411764706
0.215686274509804
0.235294117647059
0.262745098039216
0.250980392156863
0.737254901960784
0.662745098039216
0.756862745098039
0.772549019607843
0.745098039215686
0.752941176470588
0.772549019607843
0.768627450980392
0.705882352941177
0.611764705882353
0.654901960784314
0.752941176470588
0.752941176470588
0.780392156862745
0.760784313725490
0.772549019607843
0.760784313725490
0.772549019607843
0.796078431372549
0.478431372549020
0.243137254901961
0.349019607843137
0.694117647058824
0.647058823529412
0.435294117647059
0.396078431372549
0.254901960784314
0.231372549019608
0.219607843137255
0.239215686274510
0.258823529411765
0.250980392156863
0.741176470588235
0.658823529411765
0.749019607843137
0.800000000000000
0.737254901960784
0.756862745098039
0.788235294117647
0.784313725490196
0.733333333333333
0.650980392156863
0.674509803921569
0.752941176470588
0.749019607843137
0.776470588235294
0.749019607843137
0.764705882352941
0.760784313725490
0.768627450980392
0.800000000000000
0.623529411764706
0.282352941176471
0.258823529411765
0.623529411764706
0.666666666666667
0.443137254901961
0.407843137254902
0.254901960784314
0.235294117647059
0.219607843137255
0.239215686274510
0.250980392156863
0.243137254901961
0.733333333333333
0.662745098039216
0.749019607843137
0.815686274509804
0.788235294117647
0.803921568627451
0.772549019607843
0.709803921568627
0.780392156862745
0.784313725490196
0.760784313725490
0.733333333333333
0.749019607843137
0.772549019607843
0.741176470588235
0.756862745098039
0.760784313725490
0.760784313725490
0.792156862745098
0.705882352941177
0.305882352941176
0.262745098039216
0.611764705882353
0.666666666666667
0.458823529411765
0.415686274509804
0.250980392156863
0.227450980392157
0.223529411764706
0.258823529411765
0.203921568627451
0.254901960784314
0.733333333333333
0.678431372549020
0.772549019607843
0.776470588235294
0.780392156862745
0.807843137254902
0.784313725490196
0.733333333333333
0.768627450980392
0.780392156862745
0.764705882352941
0.737254901960784
0.756862745098039
0.768627450980392
0.745098039215686
0.764705882352941
0.764705882352941
0.760784313725490
0.776470588235294
0.760784313725490
0.419607843137255
0.513725490196078
0.698039215686274
0.627450980392157
0.466666666666667
0.419607843137255
0.254901960784314
0.223529411764706
0.227450980392157
0.243137254901961
0.219607843137255
0.337254901960784
0.737254901960784
0.745098039215686
0.807843137254902
0.800000000000000
0.788235294117647
0.796078431372549
0.776470588235294
0.784313725490196
0.737254901960784
0.737254901960784
0.768627450980392
0.752941176470588
0.764705882352941
0.768627450980392
0.745098039215686
0.760784313725490
0.756862745098039
0.752941176470588
0.760784313725490
0.788235294117647
0.521568627450980
0.650980392156863
0.749019607843137
0.596078431372549
0.470588235294118
0.427450980392157
0.258823529411765
0.219607843137255
0.219607843137255
0.223529411764706
0.337254901960784
0.345098039215686
0.764705882352941
0.792156862745098
0.811764705882353
0.788235294117647
0.768627450980392
0.819607843137255
0.764705882352941
0.788235294117647
0.737254901960784
0.741176470588235
0.768627450980392
0.741176470588235
0.772549019607843
0.768627450980392
0.745098039215686
0.749019607843137
0.749019607843137
0.749019607843137
0.749019607843137
0.784313725490196
0.619607843137255
0.639215686274510
0.760784313725490
0.588235294117647
0.466666666666667
0.427450980392157
0.250980392156863
0.223529411764706
0.207843137254902
0.274509803921569
0.403921568627451
0.250980392156863
0.788235294117647
0.800000000000000
0.815686274509804
0.819607843137255
0.807843137254902
0.831372549019608
0.772549019607843
0.784313725490196
0.772549019607843
0.772549019607843
0.772549019607843
0.745098039215686
0.792156862745098
0.776470588235294
0.749019607843137
0.749019607843137
0.756862745098039
0.756862745098039
0.756862745098039
0.784313725490196
0.721568627450980
0.678431372549020
0.768627450980392
0.615686274509804
0.470588235294118
0.403921568627451
0.262745098039216
0.203921568627451
0.254901960784314
0.380392156862745
0.298039215686275
0.223529411764706
0.788235294117647
0.792156862745098
0.807843137254902
0.811764705882353
0.800000000000000
0.815686274509804
0.796078431372549
0.768627450980392
0.752941176470588
0.756862745098039
0.749019607843137
0.749019607843137
0.792156862745098
0.772549019607843
0.745098039215686
0.741176470588235
0.745098039215686
0.749019607843137
0.752941176470588
0.768627450980392
0.764705882352941
0.717647058823529
0.756862745098039
0.639215686274510
0.474509803921569
0.400000000000000
0.247058823529412
0.192156862745098
0.364705882352941
0.349019607843137
0.223529411764706
0.235294117647059
0.792156862745098
0.796078431372549
0.800000000000000
0.807843137254902
0.811764705882353
0.819607843137255
0.811764705882353
0.780392156862745
0.760784313725490
0.760784313725490
0.756862745098039
0.768627450980392
0.800000000000000
0.776470588235294
0.752941176470588
0.745098039215686
0.745098039215686
0.752941176470588
0.749019607843137
0.768627450980392
0.768627450980392
0.737254901960784
0.737254901960784
0.643137254901961
0.478431372549020
0.368627450980392
0.207843137254902
0.294117647058824
0.380392156862745
0.231372549019608
0.239215686274510
0.250980392156863
0.752941176470588
0.741176470588235
0.741176470588235
0.752941176470588
0.768627450980392
0.768627450980392
0.764705882352941
0.741176470588235
0.721568627450980
0.713725490196078
0.717647058823529
0.729411764705882
0.756862745098039
0.725490196078431
0.709803921568627
0.698039215686274
0.705882352941177
0.717647058823529
0.713725490196078
0.725490196078431
0.729411764705882
0.698039215686274
0.690196078431373
0.611764705882353
0.486274509803922
0.396078431372549
0.301960784313725
0.360784313725490
0.317647058823529
0.262745098039216
0.294117647058824
0.286274509803922
0.611764705882353
0.607843137254902
0.603921568627451
0.603921568627451
0.603921568627451
0.592156862745098
0.596078431372549
0.607843137254902
0.631372549019608
0.674509803921569
0.694117647058824
0.717647058823529
0.725490196078431
0.729411764705882
0.729411764705882
0.721568627450980
0.729411764705882
0.733333333333333
0.737254901960784
0.733333333333333
0.737254901960784
0.721568627450980
0.717647058823529
0.682352941176471
0.439215686274510
0.458823529411765
0.443137254901961
0.329411764705882
0.325490196078431
0.309803921568627
0.321568627450980
0.305882352941176
0.690196078431373
0.701960784313725
0.698039215686274
0.698039215686274
0.694117647058824
0.682352941176471
0.674509803921569
0.674509803921569
0.686274509803922
0.717647058823529
0.768627450980392
0.800000000000000
0.803921568627451
0.815686274509804
0.831372549019608
0.839215686274510
0.843137254901961
0.847058823529412
0.850980392156863
0.854901960784314
0.847058823529412
0.823529411764706
0.823529411764706
0.768627450980392
0.423529411764706
0.450980392156863
0.400000000000000
0.235294117647059
0.231372549019608
0.207843137254902
0.227450980392157
0.203921568627451
0.701960784313725
0.721568627450980
0.725490196078431
0.737254901960784
0.733333333333333
0.733333333333333
0.725490196078431
0.713725490196078
0.705882352941177
0.705882352941177
0.729411764705882
0.764705882352941
0.776470588235294
0.784313725490196
0.815686274509804
0.823529411764706
0.839215686274510
0.847058823529412
0.835294117647059
0.839215686274510
0.823529411764706
0.807843137254902
0.803921568627451
0.764705882352941
0.439215686274510
0.443137254901961
0.411764705882353
0.254901960784314
0.247058823529412
0.239215686274510
0.258823529411765
0.227450980392157
0.752941176470588
0.764705882352941
0.768627450980392
0.764705882352941
0.749019607843137
0.741176470588235
0.741176470588235
0.733333333333333
0.725490196078431
0.729411764705882
0.745098039215686
0.784313725490196
0.698039215686274
0.647058823529412
0.800000000000000
0.807843137254902
0.835294117647059
0.850980392156863
0.839215686274510
0.835294117647059
0.819607843137255
0.811764705882353
0.815686274509804
0.760784313725490
0.411764705882353
0.439215686274510
0.415686274509804
0.250980392156863
0.243137254901961
0.223529411764706
0.254901960784314
0.227450980392157
0.725490196078431
0.745098039215686
0.796078431372549
0.792156862745098
0.776470588235294
0.772549019607843
0.760784313725490
0.760784313725490
0.752941176470588
0.745098039215686
0.752941176470588
0.788235294117647
0.650980392156863
0.564705882352941
0.807843137254902
0.819607843137255
0.839215686274510
0.858823529411765
0.847058823529412
0.843137254901961
0.827450980392157
0.819607843137255
0.827450980392157
0.760784313725490
0.403921568627451
0.443137254901961
0.415686274509804
0.250980392156863
0.247058823529412
0.215686274509804
0.247058823529412
0.227450980392157
0.670588235294118
0.635294117647059
0.756862745098039
0.772549019607843
0.768627450980392
0.784313725490196
0.776470588235294
0.709803921568627
0.729411764705882
0.752941176470588
0.756862745098039
0.733333333333333
0.552941176470588
0.486274509803922
0.756862745098039
0.831372549019608
0.839215686274510
0.850980392156863
0.847058823529412
0.847058823529412
0.839215686274510
0.827450980392157
0.831372549019608
0.745098039215686
0.392156862745098
0.435294117647059
0.400000000000000
0.250980392156863
0.254901960784314
0.231372549019608
0.243137254901961
0.227450980392157
0.678431372549020
0.623529411764706
0.698039215686274
0.737254901960784
0.741176470588235
0.717647058823529
0.576470588235294
0.466666666666667
0.670588235294118
0.760784313725490
0.756862745098039
0.745098039215686
0.603921568627451
0.372549019607843
0.560784313725490
0.811764705882353
0.831372549019608
0.839215686274510
0.839215686274510
0.843137254901961
0.831372549019608
0.831372549019608
0.835294117647059
0.733333333333333
0.380392156862745
0.443137254901961
0.380392156862745
0.243137254901961
0.239215686274510
0.227450980392157
0.243137254901961
0.231372549019608
0.678431372549020
0.643137254901961
0.658823529411765
0.501960784313725
0.494117647058824
0.576470588235294
0.376470588235294
0.396078431372549
0.686274509803922
0.717647058823529
0.717647058823529
0.776470588235294
0.768627450980392
0.419607843137255
0.356862745098039
0.701960784313725
0.850980392156863
0.827450980392157
0.823529411764706
0.847058823529412
0.831372549019608
0.784313725490196
0.823529411764706
0.725490196078431
0.376470588235294
0.443137254901961
0.364705882352941
0.235294117647059
0.247058823529412
0.235294117647059
0.243137254901961
0.223529411764706
0.686274509803922
0.639215686274510
0.627450980392157
0.423529411764706
0.501960784313725
0.662745098039216
0.584313725490196
0.482352941176471
0.635294117647059
0.627450980392157
0.639215686274510
0.760784313725490
0.792156862745098
0.560784313725490
0.317647058823529
0.454901960784314
0.686274509803922
0.800000000000000
0.831372549019608
0.800000000000000
0.603921568627451
0.568627450980392
0.819607843137255
0.721568627450980
0.360784313725490
0.435294117647059
0.372549019607843
0.258823529411765
0.262745098039216
0.239215686274510
0.247058823529412
0.227450980392157
0.701960784313725
0.647058823529412
0.686274509803922
0.596078431372549
0.545098039215686
0.658823529411765
0.592156862745098
0.513725490196078
0.647058823529412
0.647058823529412
0.654901960784314
0.756862745098039
0.792156862745098
0.701960784313725
0.396078431372549
0.325490196078431
0.356862745098039
0.482352941176471
0.533333333333333
0.439215686274510
0.372549019607843
0.521568627450980
0.819607843137255
0.709803921568627
0.352941176470588
0.439215686274510
0.368627450980392
0.250980392156863
0.243137254901961
0.235294117647059
0.243137254901961
0.231372549019608
0.713725490196078
0.662745098039216
0.745098039215686
0.603921568627451
0.415686274509804
0.568627450980392
0.564705882352941
0.513725490196078
0.674509803921569
0.635294117647059
0.647058823529412
0.756862745098039
0.780392156862745
0.780392156862745
0.556862745098039
0.364705882352941
0.286274509803922
0.266666666666667
0.274509803921569
0.176470588235294
0.227450980392157
0.560784313725490
0.831372549019608
0.717647058823529
0.368627450980392
0.435294117647059
0.349019607843137
0.239215686274510
0.235294117647059
0.223529411764706
0.254901960784314
0.227450980392157
0.721568627450980
0.690196078431373
0.768627450980392
0.607843137254902
0.419607843137255
0.647058823529412
0.596078431372549
0.470588235294118
0.650980392156863
0.639215686274510
0.623529411764706
0.756862745098039
0.772549019607843
0.780392156862745
0.709803921568627
0.501960784313725
0.337254901960784
0.321568627450980
0.325490196078431
0.215686274509804
0.129411764705882
0.380392156862745
0.749019607843137
0.709803921568627
0.341176470588235
0.431372549019608
0.333333333333333
0.219607843137255
0.223529411764706
0.215686274509804
0.309803921568627
0.270588235294118
0.725490196078431
0.670588235294118
0.764705882352941
0.619607843137255
0.450980392156863
0.666666666666667
0.596078431372549
0.572549019607843
0.686274509803922
0.623529411764706
0.643137254901961
0.756862745098039
0.772549019607843
0.772549019607843
0.776470588235294
0.682352941176471
0.396078431372549
0.309803921568627
0.305882352941176
0.227450980392157
0.188235294117647
0.176470588235294
0.580392156862745
0.698039215686274
0.329411764705882
0.431372549019608
0.321568627450980
0.223529411764706
0.227450980392157
0.235294117647059
0.309803921568627
0.278431372549020
0.721568627450980
0.682352941176471
0.772549019607843
0.584313725490196
0.470588235294118
0.572549019607843
0.474509803921569
0.529411764705882
0.674509803921569
0.619607843137255
0.650980392156863
0.760784313725490
0.780392156862745
0.776470588235294
0.800000000000000
0.796078431372549
0.541176470588235
0.317647058823529
0.313725490196078
0.270588235294118
0.243137254901961
0.196078431372549
0.576470588235294
0.690196078431373
0.325490196078431
0.427450980392157
0.305882352941176
0.235294117647059
0.227450980392157
0.243137254901961
0.298039215686275
0.278431372549020
0.713725490196078
0.643137254901961
0.745098039215686
0.584313725490196
0.462745098039216
0.584313725490196
0.501960784313725
0.529411764705882
0.678431372549020
0.643137254901961
0.666666666666667
0.776470588235294
0.788235294117647
0.788235294117647
0.811764705882353
0.823529411764706
0.709803921568627
0.380392156862745
0.313725490196078
0.301960784313725
0.254901960784314
0.180392156862745
0.576470588235294
0.682352941176471
0.341176470588235
0.431372549019608
0.309803921568627
0.239215686274510
0.235294117647059
0.239215686274510
0.290196078431373
0.274509803921569
0.709803921568627
0.654901960784314
0.737254901960784
0.580392156862745
0.443137254901961
0.615686274509804
0.545098039215686
0.498039215686275
0.666666666666667
0.635294117647059
0.674509803921569
0.776470588235294
0.792156862745098
0.800000000000000
0.811764705882353
0.807843137254902
0.800000000000000
0.509803921568627
0.301960784313725
0.317647058823529
0.301960784313725
0.352941176470588
0.650980392156863
0.678431372549020
0.403921568627451
0.419607843137255
0.305882352941176
0.247058823529412
0.239215686274510
0.247058823529412
0.301960784313725
0.270588235294118
0.701960784313725
0.674509803921569
0.768627450980392
0.654901960784314
0.466666666666667
0.705882352941177
0.611764705882353
0.482352941176471
0.674509803921569
0.654901960784314
0.658823529411765
0.776470588235294
0.788235294117647
0.800000000000000
0.811764705882353
0.800000000000000
0.815686274509804
0.647058823529412
0.325490196078431
0.313725490196078
0.321568627450980
0.588235294117647
0.784313725490196
0.666666666666667
0.450980392156863
0.450980392156863
0.313725490196078
0.250980392156863
0.254901960784314
0.262745098039216
0.329411764705882
0.282352941176471
0.701960784313725
0.650980392156863
0.764705882352941
0.631372549019608
0.447058823529412
0.698039215686274
0.592156862745098
0.482352941176471
0.698039215686274
0.682352941176471
0.650980392156863
0.764705882352941
0.780392156862745
0.803921568627451
0.811764705882353
0.792156862745098
0.796078431372549
0.737254901960784
0.400000000000000
0.301960784313725
0.329411764705882
0.619607843137255
0.815686274509804
0.643137254901961
0.439215686274510
0.450980392156863
0.309803921568627
0.262745098039216
0.266666666666667
0.247058823529412
0.313725490196078
0.282352941176471
0.717647058823529
0.658823529411765
0.760784313725490
0.639215686274510
0.447058823529412
0.690196078431373
0.666666666666667
0.513725490196078
0.698039215686274
0.674509803921569
0.650980392156863
0.764705882352941
0.776470588235294
0.807843137254902
0.811764705882353
0.792156862745098
0.780392156862745
0.788235294117647
0.494117647058824
0.274509803921569
0.329411764705882
0.498039215686275
0.764705882352941
0.650980392156863
0.435294117647059
0.423529411764706
0.278431372549020
0.254901960784314
0.250980392156863
0.235294117647059
0.313725490196078
0.286274509803922
0.725490196078431
0.650980392156863
0.764705882352941
0.678431372549020
0.494117647058824
0.741176470588235
0.635294117647059
0.482352941176471
0.686274509803922
0.635294117647059
0.670588235294118
0.776470588235294
0.768627450980392
0.800000000000000
0.792156862745098
0.788235294117647
0.776470588235294
0.792156862745098
0.592156862745098
0.243137254901961
0.282352941176471
0.278431372549020
0.615686274509804
0.674509803921569
0.439215686274510
0.431372549019608
0.266666666666667
0.231372549019608
0.243137254901961
0.231372549019608
0.305882352941176
0.290196078431373
0.729411764705882
0.662745098039216
0.768627450980392
0.658823529411765
0.462745098039216
0.690196078431373
0.588235294117647
0.427450980392157
0.639215686274510
0.627450980392157
0.658823529411765
0.772549019607843
0.768627450980392
0.788235294117647
0.772549019607843
0.776470588235294
0.780392156862745
0.768627450980392
0.623529411764706
0.231372549019608
0.219607843137255
0.380392156862745
0.650980392156863
0.666666666666667
0.443137254901961
0.435294117647059
0.262745098039216
0.219607843137255
0.239215686274510
0.243137254901961
0.298039215686275
0.286274509803922
0.729411764705882
0.686274509803922
0.776470588235294
0.639215686274510
0.439215686274510
0.701960784313725
0.678431372549020
0.517647058823529
0.674509803921569
0.639215686274510
0.678431372549020
0.768627450980392
0.776470588235294
0.788235294117647
0.772549019607843
0.780392156862745
0.788235294117647
0.756862745098039
0.698039215686274
0.309803921568627
0.184313725490196
0.439215686274510
0.709803921568627
0.650980392156863
0.450980392156863
0.427450980392157
0.254901960784314
0.227450980392157
0.235294117647059
0.243137254901961
0.247058823529412
0.247058823529412
0.733333333333333
0.670588235294118
0.756862745098039
0.682352941176471
0.533333333333333
0.737254901960784
0.588235294117647
0.482352941176471
0.698039215686274
0.647058823529412
0.670588235294118
0.768627450980392
0.780392156862745
0.803921568627451
0.776470588235294
0.788235294117647
0.788235294117647
0.780392156862745
0.788235294117647
0.486274509803922
0.247058823529412
0.345098039215686
0.705882352941177
0.666666666666667
0.454901960784314
0.407843137254902
0.254901960784314
0.231372549019608
0.243137254901961
0.250980392156863
0.243137254901961
0.247058823529412
0.741176470588235
0.662745098039216
0.749019607843137
0.623529411764706
0.439215686274510
0.694117647058824
0.643137254901961
0.623529411764706
0.745098039215686
0.713725490196078
0.698039215686274
0.772549019607843
0.776470588235294
0.803921568627451
0.772549019607843
0.788235294117647
0.784313725490196
0.776470588235294
0.800000000000000
0.627450980392157
0.282352941176471
0.254901960784314
0.635294117647059
0.690196078431373
0.462745098039216
0.419607843137255
0.254901960784314
0.235294117647059
0.239215686274510
0.247058823529412
0.254901960784314
0.266666666666667
0.733333333333333
0.666666666666667
0.752941176470588
0.737254901960784
0.627450980392157
0.768627450980392
0.611764705882353
0.482352941176471
0.674509803921569
0.784313725490196
0.780392156862745
0.788235294117647
0.780392156862745
0.800000000000000
0.772549019607843
0.784313725490196
0.784313725490196
0.776470588235294
0.796078431372549
0.709803921568627
0.305882352941176
0.262745098039216
0.623529411764706
0.686274509803922
0.478431372549020
0.427450980392157
0.254901960784314
0.227450980392157
0.227450980392157
0.243137254901961
0.258823529411765
0.352941176470588
0.733333333333333
0.682352941176471
0.768627450980392
0.815686274509804
0.796078431372549
0.815686274509804
0.650980392156863
0.517647058823529
0.690196078431373
0.776470588235294
0.776470588235294
0.796078431372549
0.792156862745098
0.796078431372549
0.772549019607843
0.792156862745098
0.792156862745098
0.780392156862745
0.788235294117647
0.768627450980392
0.419607843137255
0.509803921568627
0.705882352941177
0.647058823529412
0.482352941176471
0.431372549019608
0.258823529411765
0.223529411764706
0.227450980392157
0.235294117647059
0.337254901960784
0.501960784313725
0.737254901960784
0.749019607843137
0.803921568627451
0.800000000000000
0.788235294117647
0.811764705882353
0.800000000000000
0.749019607843137
0.784313725490196
0.792156862745098
0.780392156862745
0.788235294117647
0.796078431372549
0.796078431372549
0.772549019607843
0.788235294117647
0.788235294117647
0.784313725490196
0.784313725490196
0.803921568627451
0.517647058823529
0.647058823529412
0.756862745098039
0.615686274509804
0.486274509803922
0.439215686274510
0.258823529411765
0.219607843137255
0.239215686274510
0.278431372549020
0.486274509803922
0.501960784313725
0.764705882352941
0.800000000000000
0.803921568627451
0.807843137254902
0.807843137254902
0.815686274509804
0.823529411764706
0.780392156862745
0.803921568627451
0.803921568627451
0.780392156862745
0.788235294117647
0.807843137254902
0.796078431372549
0.772549019607843
0.780392156862745
0.788235294117647
0.784313725490196
0.776470588235294
0.803921568627451
0.619607843137255
0.635294117647059
0.772549019607843
0.607843137254902
0.482352941176471
0.439215686274510
0.254901960784314
0.219607843137255
0.254901960784314
0.431372549019608
0.552941176470588
0.345098039215686
0.772549019607843
0.807843137254902
0.807843137254902
0.800000000000000
0.807843137254902
0.815686274509804
0.827450980392157
0.788235294117647
0.784313725490196
0.792156862745098
0.784313725490196
0.792156862745098
0.811764705882353
0.792156862745098
0.768627450980392
0.776470588235294
0.792156862745098
0.788235294117647
0.780392156862745
0.796078431372549
0.709803921568627
0.658823529411765
0.764705882352941
0.615686274509804
0.474509803921569
0.392156862745098
0.235294117647059
0.219607843137255
0.356862745098039
0.556862745098039
0.400000000000000
0.258823529411765
0.768627450980392
0.815686274509804
0.815686274509804
0.803921568627451
0.803921568627451
0.819607843137255
0.811764705882353
0.788235294117647
0.788235294117647
0.792156862745098
0.784313725490196
0.784313725490196
0.807843137254902
0.792156862745098
0.772549019607843
0.776470588235294
0.784313725490196
0.780392156862745
0.772549019607843
0.784313725490196
0.756862745098039
0.709803921568627
0.756862745098039
0.639215686274510
0.478431372549020
0.372549019607843
0.215686274509804
0.282352941176471
0.533333333333333
0.466666666666667
0.258823529411765
0.247058823529412
0.792156862745098
0.843137254901961
0.843137254901961
0.831372549019608
0.839215686274510
0.847058823529412
0.831372549019608
0.815686274509804
0.819607843137255
0.815686274509804
0.815686274509804
0.819607843137255
0.831372549019608
0.811764705882353
0.800000000000000
0.796078431372549
0.800000000000000
0.800000000000000
0.788235294117647
0.792156862745098
0.792156862745098
0.772549019607843
0.780392156862745
0.686274509803922
0.517647058823529
0.384313725490196
0.278431372549020
0.458823529411765
0.537254901960784
0.309803921568627
0.250980392156863
0.254901960784314
0.717647058823529
0.745098039215686
0.749019607843137
0.737254901960784
0.745098039215686
0.745098039215686
0.737254901960784
0.729411764705882
0.725490196078431
0.721568627450980
0.721568627450980
0.733333333333333
0.741176470588235
0.717647058823529
0.709803921568627
0.705882352941177
0.713725490196078
0.713725490196078
0.705882352941177
0.705882352941177
0.713725490196078
0.690196078431373
0.694117647058824
0.619607843137255
0.486274509803922
0.396078431372549
0.392156862745098
0.501960784313725
0.388235294117647
0.290196078431373
0.270588235294118
0.266666666666667
0.584313725490196
0.615686274509804
0.600000000000000
0.650980392156863
0.654901960784314
0.643137254901961
0.643137254901961
0.662745098039216
0.694117647058824
0.729411764705882
0.737254901960784
0.749019607843137
0.737254901960784
0.741176470588235
0.741176470588235
0.733333333333333
0.745098039215686
0.749019607843137
0.741176470588235
0.733333333333333
0.717647058823529
0.690196078431373
0.686274509803922
0.650980392156863
0.396078431372549
0.435294117647059
0.407843137254902
0.239215686274510
0.266666666666667
0.243137254901961
0.243137254901961
0.250980392156863
0.733333333333333
0.800000000000000
0.788235294117647
0.811764705882353
0.796078431372549
0.788235294117647
0.776470588235294
0.788235294117647
0.807843137254902
0.831372549019608
0.870588235294118
0.886274509803922
0.862745098039216
0.874509803921569
0.886274509803922
0.898039215686275
0.913725490196078
0.917647058823529
0.909803921568627
0.909803921568627
0.905882352941176
0.886274509803922
0.882352941176471
0.831372549019608
0.470588235294118
0.509803921568627
0.443137254901961
0.215686274509804
0.239215686274510
0.203921568627451
0.207843137254902
0.200000000000000
0.756862745098039
0.843137254901961
0.835294117647059
0.827450980392157
0.792156862745098
0.796078431372549
0.784313725490196
0.780392156862745
0.780392156862745
0.772549019607843
0.784313725490196
0.811764705882353
0.831372549019608
0.839215686274510
0.870588235294118
0.878431372549020
0.870588235294118
0.866666666666667
0.850980392156863
0.843137254901961
0.870588235294118
0.886274509803922
0.882352941176471
0.843137254901961
0.509803921568627
0.525490196078431
0.470588235294118
0.239215686274510
0.254901960784314
0.231372549019608
0.227450980392157
0.200000000000000
0.803921568627451
0.890196078431372
0.858823529411765
0.870588235294118
0.854901960784314
0.850980392156863
0.850980392156863
0.847058823529412
0.850980392156863
0.839215686274510
0.847058823529412
0.878431372549020
0.807843137254902
0.756862745098039
0.913725490196078
0.917647058823529
0.913725490196078
0.913725490196078
0.894117647058824
0.882352941176471
0.874509803921569
0.870588235294118
0.874509803921569
0.819607843137255
0.470588235294118
0.525490196078431
0.470588235294118
0.223529411764706
0.235294117647059
0.207843137254902
0.215686274509804
0.180392156862745
0.792156862745098
0.878431372549020
0.874509803921569
0.886274509803922
0.878431372549020
0.862745098039216
0.850980392156863
0.854901960784314
0.858823529411765
0.843137254901961
0.843137254901961
0.862745098039216
0.709803921568627
0.615686274509804
0.862745098039216
0.882352941176471
0.894117647058824
0.905882352941176
0.890196078431372
0.878431372549020
0.874509803921569
0.870588235294118
0.874509803921569
0.807843137254902
0.462745098039216
0.541176470588235
0.478431372549020
0.227450980392157
0.243137254901961
0.223529411764706
0.231372549019608
0.200000000000000
0.717647058823529
0.745098039215686
0.835294117647059
0.862745098039216
0.882352941176471
0.854901960784314
0.839215686274510
0.796078431372549
0.803921568627451
0.839215686274510
0.831372549019608
0.819607843137255
0.600000000000000
0.494117647058824
0.768627450980392
0.882352941176471
0.886274509803922
0.890196078431372
0.882352941176471
0.882352941176471
0.901960784313726
0.886274509803922
0.870588235294118
0.800000000000000
0.439215686274510
0.533333333333333
0.462745098039216
0.247058823529412
0.239215686274510
0.223529411764706
0.239215686274510
0.219607843137255
0.709803921568627
0.701960784313725
0.768627450980392
0.788235294117647
0.839215686274510
0.819607843137255
0.674509803921569
0.572549019607843
0.756862745098039
0.862745098039216
0.839215686274510
0.843137254901961
0.674509803921569
0.388235294117647
0.572549019607843
0.854901960784314
0.878431372549020
0.886274509803922
0.886274509803922
0.890196078431372
0.894117647058824
0.886274509803922
0.870588235294118
0.788235294117647
0.419607843137255
0.537254901960784
0.423529411764706
0.231372549019608
0.215686274509804
0.203921568627451
0.235294117647059
0.223529411764706
0.705882352941177
0.701960784313725
0.721568627450980
0.513725490196078
0.556862745098039
0.647058823529412
0.407843137254902
0.435294117647059
0.772549019607843
0.823529411764706
0.800000000000000
0.870588235294118
0.850980392156863
0.450980392156863
0.352941176470588
0.701960784313725
0.882352941176471
0.866666666666667
0.862745098039216
0.886274509803922
0.882352941176471
0.831372549019608
0.870588235294118
0.780392156862745
0.415686274509804
0.533333333333333
0.392156862745098
0.211764705882353
0.223529411764706
0.211764705882353
0.235294117647059
0.207843137254902
0.713725490196078
0.701960784313725
0.694117647058824
0.466666666666667
0.600000000000000
0.768627450980392
0.619607843137255
0.525490196078431
0.721568627450980
0.725490196078431
0.709803921568627
0.850980392156863
0.886274509803922
0.615686274509804
0.329411764705882
0.450980392156863
0.709803921568627
0.835294117647059
0.866666666666667
0.835294117647059
0.635294117647059
0.607843137254902
0.870588235294118
0.780392156862745
0.396078431372549
0.517647058823529
0.376470588235294
0.219607843137255
0.239215686274510
0.211764705882353
0.223529411764706
0.203921568627451
0.741176470588235
0.733333333333333
0.764705882352941
0.619607843137255
0.596078431372549
0.709803921568627
0.647058823529412
0.584313725490196
0.717647058823529
0.733333333333333
0.721568627450980
0.843137254901961
0.882352941176471
0.776470588235294
0.443137254901961
0.345098039215686
0.384313725490196
0.509803921568627
0.564705882352941
0.466666666666667
0.384313725490196
0.545098039215686
0.878431372549020
0.764705882352941
0.384313725490196
0.525490196078431
0.356862745098039
0.200000000000000
0.219607843137255
0.196078431372549
0.215686274509804
0.200000000000000
0.756862745098039
0.764705882352941
0.827450980392157
0.650980392156863
0.470588235294118
0.611764705882353
0.650980392156863
0.615686274509804
0.733333333333333
0.713725490196078
0.713725490196078
0.839215686274510
0.866666666666667
0.866666666666667
0.631372549019608
0.415686274509804
0.313725490196078
0.286274509803922
0.290196078431373
0.196078431372549
0.235294117647059
0.588235294117647
0.894117647058824
0.772549019607843
0.400000000000000
0.513725490196078
0.333333333333333
0.184313725490196
0.215686274509804
0.188235294117647
0.227450980392157
0.196078431372549
0.752941176470588
0.764705882352941
0.831372549019608
0.694117647058824
0.505882352941176
0.705882352941177
0.686274509803922
0.564705882352941
0.721568627450980
0.729411764705882
0.690196078431373
0.843137254901961
0.862745098039216
0.866666666666667
0.792156862745098
0.568627450980392
0.356862745098039
0.309803921568627
0.313725490196078
0.219607843137255
0.152941176470588
0.415686274509804
0.800000000000000
0.760784313725490
0.388235294117647
0.494117647058824
0.349019607843137
0.184313725490196
0.227450980392157
0.196078431372549
0.294117647058824
0.243137254901961
0.752941176470588
0.733333333333333
0.815686274509804
0.698039215686274
0.505882352941176
0.701960784313725
0.647058823529412
0.607843137254902
0.752941176470588
0.713725490196078
0.709803921568627
0.850980392156863
0.870588235294118
0.854901960784314
0.854901960784314
0.752941176470588
0.415686274509804
0.294117647058824
0.290196078431373
0.231372549019608
0.207843137254902
0.207843137254902
0.623529411764706
0.752941176470588
0.384313725490196
0.498039215686275
0.345098039215686
0.188235294117647
0.231372549019608
0.223529411764706
0.298039215686275
0.250980392156863
0.752941176470588
0.745098039215686
0.823529411764706
0.654901960784314
0.494117647058824
0.627450980392157
0.564705882352941
0.560784313725490
0.729411764705882
0.705882352941177
0.721568627450980
0.858823529411765
0.874509803921569
0.862745098039216
0.878431372549020
0.866666666666667
0.572549019607843
0.313725490196078
0.298039215686275
0.270588235294118
0.262745098039216
0.223529411764706
0.623529411764706
0.756862745098039
0.396078431372549
0.501960784313725
0.333333333333333
0.196078431372549
0.219607843137255
0.219607843137255
0.282352941176471
0.243137254901961
0.741176470588235
0.705882352941177
0.800000000000000
0.650980392156863
0.486274509803922
0.639215686274510
0.592156862745098
0.560784313725490
0.733333333333333
0.725490196078431
0.737254901960784
0.874509803921569
0.882352941176471
0.874509803921569
0.890196078431372
0.894117647058824
0.752941176470588
0.392156862745098
0.305882352941176
0.301960784313725
0.266666666666667
0.200000000000000
0.627450980392157
0.760784313725490
0.423529411764706
0.513725490196078
0.341176470588235
0.192156862745098
0.219607843137255
0.203921568627451
0.266666666666667
0.235294117647059
0.741176470588235
0.717647058823529
0.792156862745098
0.670588235294118
0.513725490196078
0.674509803921569
0.627450980392157
0.564705882352941
0.741176470588235
0.729411764705882
0.749019607843137
0.874509803921569
0.886274509803922
0.886274509803922
0.894117647058824
0.882352941176471
0.850980392156863
0.533333333333333
0.298039215686275
0.321568627450980
0.305882352941176
0.368627450980392
0.701960784313725
0.768627450980392
0.501960784313725
0.513725490196078
0.337254901960784
0.196078431372549
0.211764705882353
0.207843137254902
0.270588235294118
0.223529411764706
0.729411764705882
0.737254901960784
0.819607843137255
0.717647058823529
0.525490196078431
0.749019607843137
0.698039215686274
0.576470588235294
0.752941176470588
0.756862745098039
0.741176470588235
0.874509803921569
0.882352941176471
0.886274509803922
0.886274509803922
0.874509803921569
0.878431372549020
0.678431372549020
0.325490196078431
0.313725490196078
0.317647058823529
0.603921568627451
0.839215686274510
0.768627450980392
0.564705882352941
0.541176470588235
0.337254901960784
0.200000000000000
0.223529411764706
0.223529411764706
0.294117647058824
0.235294117647059
0.725490196078431
0.717647058823529
0.819607843137255
0.698039215686274
0.517647058823529
0.756862745098039
0.678431372549020
0.556862745098039
0.760784313725490
0.776470588235294
0.729411764705882
0.866666666666667
0.866666666666667
0.878431372549020
0.882352941176471
0.858823529411765
0.882352941176471
0.784313725490196
0.392156862745098
0.282352941176471
0.321568627450980
0.631372549019608
0.862745098039216
0.760784313725490
0.572549019607843
0.525490196078431
0.309803921568627
0.215686274509804
0.231372549019608
0.211764705882353
0.290196078431373
0.243137254901961
0.741176470588235
0.721568627450980
0.815686274509804
0.698039215686274
0.509803921568627
0.745098039215686
0.741176470588235
0.580392156862745
0.760784313725490
0.764705882352941
0.721568627450980
0.858823529411765
0.862745098039216
0.882352941176471
0.878431372549020
0.854901960784314
0.866666666666667
0.843137254901961
0.505882352941176
0.258823529411765
0.325490196078431
0.509803921568627
0.811764705882353
0.768627450980392
0.572549019607843
0.498039215686275
0.274509803921569
0.207843137254902
0.215686274509804
0.203921568627451
0.294117647058824
0.250980392156863
0.752941176470588
0.717647058823529
0.819607843137255
0.729411764705882
0.541176470588235
0.788235294117647
0.713725490196078
0.556862745098039
0.749019607843137
0.721568627450980
0.725490196078431
0.854901960784314
0.854901960784314
0.874509803921569
0.862745098039216
0.850980392156863
0.854901960784314
0.862745098039216
0.631372549019608
0.247058823529412
0.282352941176471
0.286274509803922
0.662745098039216
0.792156862745098
0.576470588235294
0.505882352941176
0.262745098039216
0.184313725490196
0.203921568627451
0.200000000000000
0.286274509803922
0.250980392156863
0.756862745098039
0.725490196078431
0.823529411764706
0.725490196078431
0.533333333333333
0.749019607843137
0.666666666666667
0.498039215686275
0.698039215686274
0.709803921568627
0.713725490196078
0.847058823529412
0.850980392156863
0.862745098039216
0.843137254901961
0.839215686274510
0.850980392156863
0.850980392156863
0.690196078431373
0.254901960784314
0.223529411764706
0.388235294117647
0.698039215686274
0.784313725490196
0.580392156862745
0.505882352941176
0.258823529411765
0.176470588235294
0.200000000000000
0.211764705882353
0.274509803921569
0.250980392156863
0.756862745098039
0.749019607843137
0.831372549019608
0.729411764705882
0.533333333333333
0.752941176470588
0.717647058823529
0.552941176470588
0.729411764705882
0.713725490196078
0.721568627450980
0.839215686274510
0.858823529411765
0.866666666666667
0.843137254901961
0.839215686274510
0.854901960784314
0.850980392156863
0.788235294117647
0.356862745098039
0.192156862745098
0.447058823529412
0.756862745098039
0.768627450980392
0.588235294117647
0.501960784313725
0.254901960784314
0.180392156862745
0.200000000000000
0.215686274509804
0.227450980392157
0.207843137254902
0.752941176470588
0.737254901960784
0.815686274509804
0.705882352941177
0.552941176470588
0.776470588235294
0.678431372549020
0.556862745098039
0.737254901960784
0.713725490196078
0.729411764705882
0.850980392156863
0.862745098039216
0.878431372549020
0.847058823529412
0.850980392156863
0.854901960784314
0.874509803921569
0.882352941176471
0.521568627450980
0.247058823529412
0.352941176470588
0.752941176470588
0.784313725490196
0.596078431372549
0.486274509803922
0.247058823529412
0.196078431372549
0.203921568627451
0.207843137254902
0.215686274509804
0.203921568627451
0.745098039215686
0.737254901960784
0.815686274509804
0.647058823529412
0.482352941176471
0.745098039215686
0.725490196078431
0.690196078431373
0.784313725490196
0.776470588235294
0.788235294117647
0.858823529411765
0.854901960784314
0.878431372549020
0.850980392156863
0.858823529411765
0.850980392156863
0.870588235294118
0.886274509803922
0.635294117647059
0.262745098039216
0.262745098039216
0.678431372549020
0.803921568627451
0.619607843137255
0.494117647058824
0.235294117647059
0.215686274509804
0.203921568627451
0.188235294117647
0.207843137254902
0.215686274509804
0.733333333333333
0.745098039215686
0.815686274509804
0.811764705882353
0.729411764705882
0.831372549019608
0.650980392156863
0.537254901960784
0.756862745098039
0.870588235294118
0.874509803921569
0.858823529411765
0.850980392156863
0.874509803921569
0.847058823529412
0.858823529411765
0.854901960784314
0.866666666666667
0.874509803921569
0.721568627450980
0.294117647058824
0.270588235294118
0.670588235294118
0.807843137254902
0.643137254901961
0.505882352941176
0.231372549019608
0.211764705882353
0.200000000000000
0.196078431372549
0.200000000000000
0.274509803921569
0.733333333333333
0.760784313725490
0.835294117647059
0.894117647058824
0.890196078431372
0.882352941176471
0.698039215686274
0.584313725490196
0.776470588235294
0.870588235294118
0.866666666666667
0.858823529411765
0.862745098039216
0.870588235294118
0.847058823529412
0.866666666666667
0.866666666666667
0.866666666666667
0.862745098039216
0.800000000000000
0.427450980392157
0.525490196078431
0.764705882352941
0.772549019607843
0.650980392156863
0.509803921568627
0.235294117647059
0.203921568627451
0.207843137254902
0.203921568627451
0.270588235294118
0.403921568627451
0.737254901960784
0.827450980392157
0.870588235294118
0.862745098039216
0.854901960784314
0.882352941176471
0.862745098039216
0.819607843137255
0.839215686274510
0.866666666666667
0.862745098039216
0.850980392156863
0.870588235294118
0.870588235294118
0.847058823529412
0.862745098039216
0.866666666666667
0.858823529411765
0.850980392156863
0.854901960784314
0.545098039215686
0.670588235294118
0.823529411764706
0.752941176470588
0.658823529411765
0.517647058823529
0.235294117647059
0.203921568627451
0.215686274509804
0.239215686274510
0.419607843137255
0.411764705882353
0.764705882352941
0.878431372549020
0.874509803921569
0.866666666666667
0.850980392156863
0.882352941176471
0.886274509803922
0.862745098039216
0.858823529411765
0.874509803921569
0.858823529411765
0.839215686274510
0.878431372549020
0.870588235294118
0.847058823529412
0.854901960784314
0.866666666666667
0.858823529411765
0.843137254901961
0.874509803921569
0.658823529411765
0.662745098039216
0.839215686274510
0.749019607843137
0.658823529411765
0.517647058823529
0.231372549019608
0.203921568627451
0.223529411764706
0.372549019607843
0.498039215686275
0.282352941176471
0.792156862745098
0.874509803921569
0.854901960784314
0.878431372549020
0.870588235294118
0.874509803921569
0.866666666666667
0.850980392156863
0.858823529411765
0.874509803921569
0.858823529411765
0.843137254901961
0.878431372549020
0.866666666666667
0.843137254901961
0.850980392156863
0.866666666666667
0.854901960784314
0.843137254901961
0.866666666666667
0.776470588235294
0.717647058823529
0.847058823529412
0.772549019607843
0.658823529411765
0.466666666666667
0.211764705882353
0.188235294117647
0.294117647058824
0.486274509803922
0.356862745098039
0.207843137254902
0.819607843137255
0.870588235294118
0.843137254901961
0.874509803921569
0.862745098039216
0.882352941176471
0.878431372549020
0.862745098039216
0.866666666666667
0.870588235294118
0.862745098039216
0.858823529411765
0.878431372549020
0.866666666666667
0.854901960784314
0.862745098039216
0.862745098039216
0.858823529411765
0.850980392156863
0.866666666666667
0.843137254901961
0.772549019607843
0.819607843137255
0.772549019607843
0.647058823529412
0.450980392156863
0.196078431372549
0.227450980392157
0.443137254901961
0.396078431372549
0.227450980392157
0.196078431372549
0.831372549019608
0.890196078431372
0.878431372549020
0.901960784313726
0.890196078431372
0.909803921568627
0.905882352941176
0.894117647058824
0.894117647058824
0.890196078431372
0.890196078431372
0.890196078431372
0.901960784313726
0.886274509803922
0.882352941176471
0.886274509803922
0.890196078431372
0.890196078431372
0.882352941176471
0.890196078431372
0.874509803921569
0.815686274509804
0.823529411764706
0.788235294117647
0.654901960784314
0.450980392156863
0.247058823529412
0.407843137254902
0.470588235294118
0.243137254901961
0.211764705882353
0.203921568627451
0.670588235294118
0.717647058823529
0.721568627450980
0.729411764705882
0.725490196078431
0.737254901960784
0.737254901960784
0.729411764705882
0.725490196078431
0.717647058823529
0.721568627450980
0.729411764705882
0.733333333333333
0.717647058823529
0.713725490196078
0.717647058823529
0.737254901960784
0.741176470588235
0.733333333333333
0.737254901960784
0.764705882352941
0.745098039215686
0.741176470588235
0.709803921568627
0.572549019607843
0.376470588235294
0.294117647058824
0.407843137254902
0.294117647058824
0.196078431372549
0.200000000000000
0.196078431372549
