0.254901960784314
0.270588235294118
0.286274509803922
0.345098039215686
0.372549019607843
0.321568627450980
0.270588235294118
0.231372549019608
0.266666666666667
0.301960784313725
0.333333333333333
0.423529411764706
0.376470588235294
0.380392156862745
0.411764705882353
0.368627450980392
0.345098039215686
0.356862745098039
0.396078431372549
0.431372549019608
0.466666666666667
0.494117647058824
0.435294117647059
0.396078431372549
0.466666666666667
0.431372549019608
0.356862745098039
0.317647058823529
0.352941176470588
0.372549019607843
0.368627450980392
0.305882352941176
0.274509803921569
0.309803921568627
0.329411764705882
0.294117647058824
0.349019607843137
0.325490196078431
0.250980392156863
0.207843137254902
0.184313725490196
0.207843137254902
0.227450980392157
0.207843137254902
0.164705882352941
0.258823529411765
0.282352941176471
0.266666666666667
0.309803921568627
0.349019607843137
0.380392156862745
0.419607843137255
0.415686274509804
0.368627450980392
0.321568627450980
0.360784313725490
0.564705882352941
0.454901960784314
0.341176470588235
0.372549019607843
0.372549019607843
0.356862745098039
0.294117647058824
0.137254901960784
0.188235294117647
0.235294117647059
0.282352941176471
0.313725490196078
0.435294117647059
0.321568627450980
0.125490196078431
0.098039215686275
0.192156862745098
0.215686274509804
0.211764705882353
0.196078431372549
0.168627450980392
0.231372549019608
0.294117647058824
0.266666666666667
0.290196078431373
0.403921568627451
0.470588235294118
0.478431372549020
0.349019607843137
0.227450980392157
0.274509803921569
0.549019607843137
0.752941176470588
0.541176470588235
0.290196078431373
0.196078431372549
0.203921568627451
0.223529411764706
0.125490196078431
0.094117647058824
0.117647058823529
0.117647058823529
0.160784313725490
0.211764705882353
0.258823529411765
0.301960784313725
0.231372549019608
0.274509803921569
0.400000000000000
0.447058823529412
0.439215686274510
0.419607843137255
0.360784313725490
0.349019607843137
0.372549019607843
0.356862745098039
0.349019607843137
0.376470588235294
0.478431372549020
0.376470588235294
0.305882352941176
0.403921568627451
0.407843137254902
0.705882352941177
0.819607843137255
0.662745098039216
0.419607843137255
0.172549019607843
0.082352941176471
0.203921568627451
0.286274509803922
0.298039215686275
0.090196078431373
0.160784313725490
0.250980392156863
0.313725490196078
0.317647058823529
0.278431372549020
0.282352941176471
0.317647058823529
0.466666666666667
0.501960784313725
0.505882352941176
0.494117647058824
0.415686274509804
0.392156862745098
0.407843137254902
0.396078431372549
0.431372549019608
0.454901960784314
0.447058823529412
0.352941176470588
0.349019607843137
0.415686274509804
0.443137254901961
0.592156862745098
0.760784313725490
0.772549019607843
0.647058823529412
0.372549019607843
0.109803921568627
0.094117647058824
0.180392156862745
0.254901960784314
0.156862745098039
0.254901960784314
0.290196078431373
0.266666666666667
0.239215686274510
0.227450980392157
0.290196078431373
0.305882352941176
0.349019607843137
0.482352941176471
0.517647058823529
0.513725490196078
0.501960784313725
0.435294117647059
0.368627450980392
0.384313725490196
0.470588235294118
0.392156862745098
0.305882352941176
0.298039215686275
0.278431372549020
0.298039215686275
0.368627450980392
0.482352941176471
0.615686274509804
0.768627450980392
0.725490196078431
0.580392156862745
0.427450980392157
0.192156862745098
0.129411764705882
0.156862745098039
0.172549019607843
0.192156862745098
0.196078431372549
0.215686274509804
0.239215686274510
0.250980392156863
0.286274509803922
0.313725490196078
0.247058823529412
0.254901960784314
0.392156862745098
0.501960784313725
0.509803921568627
0.521568627450980
0.521568627450980
0.482352941176471
0.470588235294118
0.435294117647059
0.372549019607843
0.282352941176471
0.235294117647059
0.282352941176471
0.270588235294118
0.333333333333333
0.498039215686275
0.627450980392157
0.749019607843137
0.650980392156863
0.572549019607843
0.466666666666667
0.211764705882353
0.105882352941176
0.176470588235294
0.192156862745098
0.211764705882353
0.247058823529412
0.266666666666667
0.223529411764706
0.192156862745098
0.239215686274510
0.309803921568627
0.215686274509804
0.192156862745098
0.294117647058824
0.466666666666667
0.533333333333333
0.521568627450980
0.513725490196078
0.505882352941176
0.415686274509804
0.356862745098039
0.392156862745098
0.403921568627451
0.372549019607843
0.329411764705882
0.298039215686275
0.423529411764706
0.533333333333333
0.639215686274510
0.733333333333333
0.690196078431373
0.611764705882353
0.450980392156863
0.231372549019608
0.176470588235294
0.192156862745098
0.211764705882353
0.227450980392157
0.243137254901961
0.231372549019608
0.192156862745098
0.156862745098039
0.258823529411765
0.309803921568627
0.152941176470588
0.200000000000000
0.470588235294118
0.576470588235294
0.560784313725490
0.576470588235294
0.470588235294118
0.447058823529412
0.450980392156863
0.427450980392157
0.294117647058824
0.368627450980392
0.454901960784314
0.403921568627451
0.415686274509804
0.505882352941176
0.525490196078431
0.682352941176471
0.792156862745098
0.733333333333333
0.588235294117647
0.470588235294118
0.156862745098039
0.137254901960784
0.125490196078431
0.109803921568627
0.086274509803922
0.078431372549020
0.070588235294118
0.039215686274510
0.133333333333333
0.321568627450980
0.329411764705882
0.356862745098039
0.482352941176471
0.549019607843137
0.529411764705882
0.756862745098039
0.721568627450980
0.501960784313725
0.431372549019608
0.498039215686275
0.372549019607843
0.254901960784314
0.427450980392157
0.486274509803922
0.368627450980392
0.388235294117647
0.501960784313725
0.564705882352941
0.709803921568627
0.796078431372549
0.690196078431373
0.533333333333333
0.039215686274510
0.027450980392157
0.043137254901961
0.066666666666667
0.058823529411765
0.066666666666667
0.113725490196078
0.207843137254902
0.317647058823529
0.435294117647059
0.407843137254902
0.333333333333333
0.447058823529412
0.588235294117647
0.501960784313725
0.541176470588235
0.752941176470588
0.733333333333333
0.505882352941176
0.341176470588235
0.447058823529412
0.470588235294118
0.333333333333333
0.352941176470588
0.415686274509804
0.360784313725490
0.415686274509804
0.494117647058824
0.556862745098039
0.729411764705882
0.764705882352941
0.588235294117647
0.058823529411765
0.098039215686275
0.141176470588235
0.145098039215686
0.086274509803922
0.109803921568627
0.243137254901961
0.368627450980392
0.376470588235294
0.431372549019608
0.427450980392157
0.419607843137255
0.537254901960784
0.568627450980392
0.521568627450980
0.309803921568627
0.341176470588235
0.658823529411765
0.800000000000000
0.549019607843137
0.258823529411765
0.388235294117647
0.490196078431373
0.329411764705882
0.435294117647059
0.541176470588235
0.400000000000000
0.447058823529412
0.498039215686275
0.607843137254902
0.760784313725490
0.690196078431373
0.172549019607843
0.254901960784314
0.235294117647059
0.168627450980392
0.121568627450980
0.196078431372549
0.321568627450980
0.341176470588235
0.349019607843137
0.415686274509804
0.490196078431373
0.541176470588235
0.580392156862745
0.556862745098039
0.576470588235294
0.486274509803922
0.447058823529412
0.549019607843137
0.654901960784314
0.741176470588235
0.498039215686275
0.356862745098039
0.498039215686275
0.572549019607843
0.486274509803922
0.572549019607843
0.462745098039216
0.407843137254902
0.470588235294118
0.552941176470588
0.694117647058824
0.752941176470588
0.207843137254902
0.270588235294118
0.262745098039216
0.200000000000000
0.137254901960784
0.239215686274510
0.333333333333333
0.345098039215686
0.352941176470588
0.270588235294118
0.364705882352941
0.431372549019608
0.431372549019608
0.533333333333333
0.588235294117647
0.576470588235294
0.611764705882353
0.600000000000000
0.537254901960784
0.623529411764706
0.709803921568627
0.631372549019608
0.607843137254902
0.686274509803922
0.686274509803922
0.623529411764706
0.517647058823529
0.447058823529412
0.466666666666667
0.521568627450980
0.607843137254902
0.717647058823529
0.200000000000000
0.215686274509804
0.184313725490196
0.156862745098039
0.200000000000000
0.278431372549020
0.337254901960784
0.294117647058824
0.160784313725490
0.078431372549020
0.247058823529412
0.505882352941176
0.411764705882353
0.513725490196078
0.627450980392157
0.576470588235294
0.643137254901961
0.674509803921569
0.627450980392157
0.650980392156863
0.682352941176471
0.768627450980392
0.729411764705882
0.678431372549020
0.690196078431373
0.705882352941177
0.572549019607843
0.466666666666667
0.447058823529412
0.454901960784314
0.533333333333333
0.647058823529412
0.188235294117647
0.192156862745098
0.152941176470588
0.152941176470588
0.247058823529412
0.278431372549020
0.247058823529412
0.098039215686275
0.054901960784314
0.145098039215686
0.325490196078431
0.576470588235294
0.517647058823529
0.498039215686275
0.596078431372549
0.635294117647059
0.650980392156863
0.674509803921569
0.600000000000000
0.705882352941177
0.745098039215686
0.737254901960784
0.784313725490196
0.784313725490196
0.772549019607843
0.662745098039216
0.454901960784314
0.419607843137255
0.509803921568627
0.458823529411765
0.572549019607843
0.729411764705882
0.254901960784314
0.301960784313725
0.294117647058824
0.333333333333333
0.282352941176471
0.270588235294118
0.133333333333333
0.050980392156863
0.203921568627451
0.360784313725490
0.380392156862745
0.517647058823529
0.572549019607843
0.490196078431373
0.568627450980392
0.705882352941177
0.603921568627451
0.654901960784314
0.701960784313725
0.682352941176471
0.729411764705882
0.713725490196078
0.733333333333333
0.737254901960784
0.721568627450980
0.556862745098039
0.301960784313725
0.317647058823529
0.505882352941176
0.427450980392157
0.545098039215686
0.811764705882353
0.352941176470588
0.333333333333333
0.301960784313725
0.384313725490196
0.294117647058824
0.262745098039216
0.203921568627451
0.176470588235294
0.360784313725490
0.411764705882353
0.368627450980392
0.470588235294118
0.529411764705882
0.482352941176471
0.564705882352941
0.670588235294118
0.631372549019608
0.643137254901961
0.729411764705882
0.678431372549020
0.670588235294118
0.756862745098039
0.733333333333333
0.678431372549020
0.666666666666667
0.552941176470588
0.388235294117647
0.321568627450980
0.462745098039216
0.466666666666667
0.396078431372549
0.666666666666667
0.364705882352941
0.325490196078431
0.231372549019608
0.294117647058824
0.282352941176471
0.266666666666667
0.372549019607843
0.360784313725490
0.262745098039216
0.325490196078431
0.407843137254902
0.443137254901961
0.501960784313725
0.533333333333333
0.517647058823529
0.596078431372549
0.717647058823529
0.615686274509804
0.666666666666667
0.745098039215686
0.721568627450980
0.654901960784314
0.694117647058824
0.678431372549020
0.690196078431373
0.686274509803922
0.631372549019608
0.615686274509804
0.564705882352941
0.545098039215686
0.368627450980392
0.419607843137255
0.356862745098039
0.313725490196078
0.243137254901961
0.274509803921569
0.278431372549020
0.219607843137255
0.168627450980392
0.223529411764706
0.278431372549020
0.380392156862745
0.431372549019608
0.466666666666667
0.525490196078431
0.576470588235294
0.529411764705882
0.564705882352941
0.713725490196078
0.639215686274510
0.698039215686274
0.737254901960784
0.756862745098039
0.654901960784314
0.615686274509804
0.623529411764706
0.647058823529412
0.698039215686274
0.713725490196078
0.713725490196078
0.662745098039216
0.600000000000000
0.466666666666667
0.337254901960784
0.372549019607843
0.341176470588235
0.325490196078431
0.337254901960784
0.301960784313725
0.160784313725490
0.098039215686275
0.196078431372549
0.435294117647059
0.462745098039216
0.427450980392157
0.458823529411765
0.549019607843137
0.592156862745098
0.541176470588235
0.564705882352941
0.733333333333333
0.631372549019608
0.701960784313725
0.635294117647059
0.643137254901961
0.666666666666667
0.580392156862745
0.623529411764706
0.611764705882353
0.650980392156863
0.717647058823529
0.662745098039216
0.623529411764706
0.623529411764706
0.396078431372549
0.258823529411765
0.317647058823529
0.317647058823529
0.333333333333333
0.329411764705882
0.325490196078431
0.325490196078431
0.368627450980392
0.396078431372549
0.443137254901961
0.470588235294118
0.498039215686275
0.450980392156863
0.470588235294118
0.556862745098039
0.541176470588235
0.474509803921569
0.678431372549020
0.647058823529412
0.611764705882353
0.600000000000000
0.627450980392157
0.627450980392157
0.635294117647059
0.674509803921569
0.772549019607843
0.737254901960784
0.623529411764706
0.698039215686274
0.678431372549020
0.654901960784314
0.372549019607843
0.333333333333333
0.235294117647059
0.215686274509804
0.188235294117647
0.196078431372549
0.200000000000000
0.274509803921569
0.333333333333333
0.349019607843137
0.431372549019608
0.450980392156863
0.333333333333333
0.352941176470588
0.494117647058824
0.611764705882353
0.635294117647059
0.580392156862745
0.580392156862745
0.670588235294118
0.635294117647059
0.635294117647059
0.670588235294118
0.603921568627451
0.643137254901961
0.639215686274510
0.686274509803922
0.701960784313725
0.678431372549020
0.662745098039216
0.705882352941177
0.611764705882353
0.376470588235294
0.439215686274510
0.215686274509804
0.231372549019608
0.247058823529412
0.266666666666667
0.305882352941176
0.305882352941176
0.305882352941176
0.384313725490196
0.450980392156863
0.360784313725490
0.223529411764706
0.364705882352941
0.466666666666667
0.533333333333333
0.647058823529412
0.701960784313725
0.560784313725490
0.611764705882353
0.647058823529412
0.631372549019608
0.647058823529412
0.631372549019608
0.650980392156863
0.678431372549020
0.639215686274510
0.592156862745098
0.654901960784314
0.588235294117647
0.596078431372549
0.490196078431373
0.411764705882353
0.549019607843137
0.439215686274510
0.513725490196078
0.545098039215686
0.556862745098039
0.584313725490196
0.611764705882353
0.650980392156863
0.564705882352941
0.533333333333333
0.564705882352941
0.596078431372549
0.627450980392157
0.596078431372549
0.572549019607843
0.639215686274510
0.705882352941177
0.709803921568627
0.631372549019608
0.611764705882353
0.600000000000000
0.572549019607843
0.568627450980392
0.635294117647059
0.643137254901961
0.576470588235294
0.560784313725490
0.611764705882353
0.596078431372549
0.466666666666667
0.396078431372549
0.513725490196078
0.662745098039216
0.435294117647059
0.474509803921569
0.501960784313725
0.537254901960784
0.611764705882353
0.674509803921569
0.705882352941177
0.701960784313725
0.611764705882353
0.576470588235294
0.588235294117647
0.552941176470588
0.568627450980392
0.564705882352941
0.498039215686275
0.627450980392157
0.764705882352941
0.568627450980392
0.549019607843137
0.584313725490196
0.545098039215686
0.541176470588235
0.584313725490196
0.545098039215686
0.513725490196078
0.603921568627451
0.529411764705882
0.423529411764706
0.266666666666667
0.254901960784314
0.462745098039216
0.584313725490196
0.160784313725490
0.121568627450980
0.090196078431373
0.184313725490196
0.341176470588235
0.384313725490196
0.427450980392157
0.470588235294118
0.474509803921569
0.490196078431373
0.482352941176471
0.443137254901961
0.388235294117647
0.427450980392157
0.494117647058824
0.501960784313725
0.556862745098039
0.654901960784314
0.407843137254902
0.294117647058824
0.407843137254902
0.431372549019608
0.474509803921569
0.513725490196078
0.478431372549020
0.439215686274510
0.368627450980392
0.172549019607843
0.172549019607843
0.266666666666667
0.419607843137255
0.537254901960784
0.266666666666667
0.184313725490196
0.160784313725490
0.294117647058824
0.341176470588235
0.349019607843137
0.419607843137255
0.486274509803922
0.498039215686275
0.498039215686275
0.486274509803922
0.490196078431373
0.415686274509804
0.439215686274510
0.466666666666667
0.482352941176471
0.486274509803922
0.447058823529412
0.282352941176471
0.290196078431373
0.360784313725490
0.317647058823529
0.380392156862745
0.513725490196078
0.396078431372549
0.227450980392157
0.168627450980392
0.247058823529412
0.333333333333333
0.250980392156863
0.427450980392157
0.537254901960784
0.301960784313725
0.219607843137255
0.274509803921569
0.392156862745098
0.388235294117647
0.368627450980392
0.423529411764706
0.486274509803922
0.486274509803922
0.466666666666667
0.447058823529412
0.474509803921569
0.509803921568627
0.509803921568627
0.462745098039216
0.439215686274510
0.419607843137255
0.415686274509804
0.329411764705882
0.258823529411765
0.301960784313725
0.411764705882353
0.470588235294118
0.439215686274510
0.392156862745098
0.356862745098039
0.356862745098039
0.380392156862745
0.200000000000000
0.215686274509804
0.501960784313725
0.588235294117647
0.200000000000000
0.211764705882353
0.305882352941176
0.364705882352941
0.372549019607843
0.435294117647059
0.513725490196078
0.501960784313725
0.450980392156863
0.372549019607843
0.364705882352941
0.396078431372549
0.388235294117647
0.360784313725490
0.372549019607843
0.247058823529412
0.172549019607843
0.290196078431373
0.349019607843137
0.243137254901961
0.368627450980392
0.533333333333333
0.450980392156863
0.372549019607843
0.376470588235294
0.396078431372549
0.360784313725490
0.270588235294118
0.447058823529412
0.564705882352941
0.560784313725490
0.560784313725490
0.211764705882353
0.254901960784314
0.286274509803922
0.254901960784314
0.294117647058824
0.439215686274510
0.337254901960784
0.203921568627451
0.121568627450980
0.054901960784314
0.047058823529412
0.054901960784314
0.070588235294118
0.196078431372549
0.231372549019608
0.101960784313725
0.160784313725490
0.164705882352941
0.274509803921569
0.439215686274510
0.439215686274510
0.427450980392157
0.380392156862745
0.392156862745098
0.419607843137255
0.400000000000000
0.266666666666667
0.313725490196078
0.654901960784314
0.666666666666667
0.603921568627451
0.603921568627451
0.262745098039216
0.239215686274510
0.188235294117647
0.149019607843137
0.345098039215686
0.388235294117647
0.184313725490196
0.094117647058824
0.086274509803922
0.090196078431373
0.082352941176471
0.035294117647059
0.156862745098039
0.325490196078431
0.301960784313725
0.329411764705882
0.462745098039216
0.368627450980392
0.447058823529412
0.541176470588235
0.450980392156863
0.392156862745098
0.380392156862745
0.376470588235294
0.400000000000000
0.286274509803922
0.301960784313725
0.337254901960784
0.415686274509804
0.478431372549020
0.415686274509804
0.501960784313725
0.266666666666667
0.313725490196078
0.372549019607843
0.454901960784314
0.470588235294118
0.411764705882353
0.368627450980392
0.337254901960784
0.384313725490196
0.454901960784314
0.470588235294118
0.482352941176471
0.415686274509804
0.454901960784314
0.517647058823529
0.474509803921569
0.439215686274510
0.439215686274510
0.474509803921569
0.533333333333333
0.580392156862745
0.596078431372549
0.533333333333333
0.490196078431373
0.584313725490196
0.545098039215686
0.450980392156863
0.415686274509804
0.454901960784314
0.498039215686275
0.490196078431373
0.400000000000000
0.317647058823529
0.400000000000000
0.427450980392157
0.392156862745098
0.407843137254902
0.400000000000000
0.376470588235294
0.329411764705882
0.305882352941176
0.317647058823529
0.309803921568627
0.270588235294118
0.223529411764706
0.333333333333333
0.376470588235294
0.352941176470588
0.392156862745098
0.439215686274510
0.462745098039216
0.529411764705882
0.549019607843137
0.466666666666667
0.407843137254902
0.435294117647059
0.635294117647059
0.537254901960784
0.435294117647059
0.447058823529412
0.439215686274510
0.482352941176471
0.407843137254902
0.200000000000000
0.250980392156863
0.290196078431373
0.345098039215686
0.392156862745098
0.501960784313725
0.384313725490196
0.188235294117647
0.184313725490196
0.290196078431373
0.305882352941176
0.286274509803922
0.258823529411765
0.235294117647059
0.305882352941176
0.388235294117647
0.364705882352941
0.392156862745098
0.513725490196078
0.584313725490196
0.592156862745098
0.439215686274510
0.282352941176471
0.321568627450980
0.588235294117647
0.784313725490196
0.615686274509804
0.380392156862745
0.254901960784314
0.243137254901961
0.309803921568627
0.203921568627451
0.156862745098039
0.180392156862745
0.184313725490196
0.219607843137255
0.286274509803922
0.364705882352941
0.384313725490196
0.309803921568627
0.411764705882353
0.549019607843137
0.580392156862745
0.568627450980392
0.541176470588235
0.474509803921569
0.454901960784314
0.470588235294118
0.462745098039216
0.494117647058824
0.505882352941176
0.556862745098039
0.435294117647059
0.368627450980392
0.490196078431373
0.482352941176471
0.749019607843137
0.862745098039216
0.745098039215686
0.525490196078431
0.250980392156863
0.149019607843137
0.305882352941176
0.419607843137255
0.450980392156863
0.129411764705882
0.219607843137255
0.329411764705882
0.427450980392157
0.447058823529412
0.372549019607843
0.352941176470588
0.403921568627451
0.584313725490196
0.639215686274510
0.647058823529412
0.631372549019608
0.529411764705882
0.498039215686275
0.509803921568627
0.498039215686275
0.552941176470588
0.576470588235294
0.552941176470588
0.478431372549020
0.474509803921569
0.505882352941176
0.533333333333333
0.674509803921569
0.819607843137255
0.835294117647059
0.749019607843137
0.470588235294118
0.160784313725490
0.145098039215686
0.262745098039216
0.376470588235294
0.223529411764706
0.360784313725490
0.411764705882353
0.400000000000000
0.368627450980392
0.349019607843137
0.392156862745098
0.380392156862745
0.447058823529412
0.607843137254902
0.650980392156863
0.658823529411765
0.643137254901961
0.549019607843137
0.447058823529412
0.486274509803922
0.596078431372549
0.486274509803922
0.380392156862745
0.396078431372549
0.407843137254902
0.396078431372549
0.462745098039216
0.619607843137255
0.741176470588235
0.843137254901961
0.811764705882353
0.698039215686274
0.529411764705882
0.258823529411765
0.188235294117647
0.227450980392157
0.294117647058824
0.329411764705882
0.337254901960784
0.345098039215686
0.352941176470588
0.356862745098039
0.364705882352941
0.368627450980392
0.313725490196078
0.329411764705882
0.498039215686275
0.647058823529412
0.678431372549020
0.674509803921569
0.647058823529412
0.592156862745098
0.584313725490196
0.564705882352941
0.482352941176471
0.364705882352941
0.329411764705882
0.388235294117647
0.384313725490196
0.474509803921569
0.666666666666667
0.749019607843137
0.827450980392157
0.764705882352941
0.705882352941177
0.584313725490196
0.305882352941176
0.160784313725490
0.313725490196078
0.329411764705882
0.352941176470588
0.376470588235294
0.368627450980392
0.305882352941176
0.247058823529412
0.278431372549020
0.360784313725490
0.270588235294118
0.254901960784314
0.372549019607843
0.596078431372549
0.670588235294118
0.658823529411765
0.650980392156863
0.639215686274510
0.537254901960784
0.462745098039216
0.490196078431373
0.509803921568627
0.474509803921569
0.450980392156863
0.435294117647059
0.576470588235294
0.690196078431373
0.756862745098039
0.835294117647059
0.780392156862745
0.749019607843137
0.592156862745098
0.305882352941176
0.325490196078431
0.345098039215686
0.360784313725490
0.368627450980392
0.364705882352941
0.345098039215686
0.290196078431373
0.219607843137255
0.278431372549020
0.317647058823529
0.211764705882353
0.294117647058824
0.564705882352941
0.600000000000000
0.545098039215686
0.600000000000000
0.541176470588235
0.560784313725490
0.560784313725490
0.525490196078431
0.400000000000000
0.470588235294118
0.588235294117647
0.568627450980392
0.568627450980392
0.662745098039216
0.694117647058824
0.792156862745098
0.831372549019608
0.815686274509804
0.741176470588235
0.627450980392157
0.274509803921569
0.243137254901961
0.207843137254902
0.176470588235294
0.152941176470588
0.137254901960784
0.113725490196078
0.078431372549020
0.172549019607843
0.352941176470588
0.447058823529412
0.549019607843137
0.576470588235294
0.486274509803922
0.419607843137255
0.670588235294118
0.639215686274510
0.474509803921569
0.494117647058824
0.600000000000000
0.454901960784314
0.356862745098039
0.552941176470588
0.600000000000000
0.478431372549020
0.517647058823529
0.678431372549020
0.725490196078431
0.800000000000000
0.858823529411765
0.796078431372549
0.709803921568627
0.078431372549020
0.070588235294118
0.078431372549020
0.101960784313725
0.101960784313725
0.105882352941176
0.149019607843137
0.286274509803922
0.443137254901961
0.537254901960784
0.556862745098039
0.541176470588235
0.498039215686275
0.509803921568627
0.407843137254902
0.474509803921569
0.650980392156863
0.658823529411765
0.474509803921569
0.376470588235294
0.552941176470588
0.603921568627451
0.458823529411765
0.450980392156863
0.490196078431373
0.458823529411765
0.568627450980392
0.678431372549020
0.717647058823529
0.839215686274510
0.850980392156863
0.725490196078431
0.133333333333333
0.188235294117647
0.235294117647059
0.219607843137255
0.141176470588235
0.168627450980392
0.352941176470588
0.545098039215686
0.564705882352941
0.556862745098039
0.498039215686275
0.439215686274510
0.462745098039216
0.470588235294118
0.439215686274510
0.270588235294118
0.278431372549020
0.600000000000000
0.733333333333333
0.490196078431373
0.290196078431373
0.490196078431373
0.580392156862745
0.411764705882353
0.533333333333333
0.639215686274510
0.498039215686275
0.600000000000000
0.698039215686274
0.760784313725490
0.854901960784314
0.811764705882353
0.278431372549020
0.364705882352941
0.349019607843137
0.254901960784314
0.184313725490196
0.301960784313725
0.494117647058824
0.541176470588235
0.533333333333333
0.541176470588235
0.494117647058824
0.427450980392157
0.450980392156863
0.466666666666667
0.486274509803922
0.419607843137255
0.392156862745098
0.478431372549020
0.568627450980392
0.662745098039216
0.462745098039216
0.364705882352941
0.505882352941176
0.580392156862745
0.545098039215686
0.678431372549020
0.564705882352941
0.556862745098039
0.670588235294118
0.721568627450980
0.803921568627451
0.854901960784314
0.294117647058824
0.360784313725490
0.345098039215686
0.262745098039216
0.215686274509804
0.364705882352941
0.505882352941176
0.549019607843137
0.525490196078431
0.364705882352941
0.364705882352941
0.400000000000000
0.360784313725490
0.462745098039216
0.505882352941176
0.486274509803922
0.521568627450980
0.498039215686275
0.431372549019608
0.533333333333333
0.639215686274510
0.588235294117647
0.584313725490196
0.631372549019608
0.623529411764706
0.592156862745098
0.560784313725490
0.588235294117647
0.643137254901961
0.705882352941177
0.764705882352941
0.823529411764706
0.274509803921569
0.301960784313725
0.258823529411765
0.211764705882353
0.286274509803922
0.415686274509804
0.509803921568627
0.447058823529412
0.247058823529412
0.129411764705882
0.278431372549020
0.533333333333333
0.400000000000000
0.443137254901961
0.556862745098039
0.482352941176471
0.545098039215686
0.572549019607843
0.533333333333333
0.572549019607843
0.607843137254902
0.709803921568627
0.678431372549020
0.603921568627451
0.588235294117647
0.603921568627451
0.525490196078431
0.552941176470588
0.619607843137255
0.647058823529412
0.705882352941177
0.768627450980392
0.258823529411765
0.286274509803922
0.235294117647059
0.215686274509804
0.337254901960784
0.423529411764706
0.388235294117647
0.160784313725490
0.090196078431373
0.219607843137255
0.423529411764706
0.635294117647059
0.545098039215686
0.431372549019608
0.517647058823529
0.545098039215686
0.552941176470588
0.576470588235294
0.509803921568627
0.627450980392157
0.666666666666667
0.662745098039216
0.701960784313725
0.674509803921569
0.643137254901961
0.560784313725490
0.407843137254902
0.490196078431373
0.631372549019608
0.623529411764706
0.713725490196078
0.807843137254902
0.341176470588235
0.419607843137255
0.403921568627451
0.415686274509804
0.411764705882353
0.403921568627451
0.227450980392157
0.101960784313725
0.270588235294118
0.486274509803922
0.529411764705882
0.600000000000000
0.552941176470588
0.411764705882353
0.478431372549020
0.607843137254902
0.505882352941176
0.552941176470588
0.603921568627451
0.588235294117647
0.647058823529412
0.635294117647059
0.647058823529412
0.631372549019608
0.607843137254902
0.486274509803922
0.286274509803922
0.423529411764706
0.615686274509804
0.529411764705882
0.647058823529412
0.839215686274510
0.470588235294118
0.458823529411765
0.400000000000000
0.458823529411765
0.443137254901961
0.396078431372549
0.278431372549020
0.254901960784314
0.486274509803922
0.560784313725490
0.521568627450980
0.603921568627451
0.541176470588235
0.423529411764706
0.466666666666667
0.564705882352941
0.533333333333333
0.545098039215686
0.631372549019608
0.580392156862745
0.584313725490196
0.678431372549020
0.658823529411765
0.607843137254902
0.607843137254902
0.505882352941176
0.360784313725490
0.376470588235294
0.545098039215686
0.490196078431373
0.454901960784314
0.705882352941177
0.486274509803922
0.435294117647059
0.305882352941176
0.380392156862745
0.419607843137255
0.392156862745098
0.450980392156863
0.450980392156863
0.368627450980392
0.450980392156863
0.572549019607843
0.592156862745098
0.521568627450980
0.466666666666667
0.419607843137255
0.501960784313725
0.627450980392157
0.517647058823529
0.580392156862745
0.650980392156863
0.615686274509804
0.568627450980392
0.623529411764706
0.611764705882353
0.623529411764706
0.600000000000000
0.545098039215686
0.556862745098039
0.529411764705882
0.482352941176471
0.368627450980392
0.486274509803922
0.474509803921569
0.415686274509804
0.329411764705882
0.384313725490196
0.396078431372549
0.305882352941176
0.223529411764706
0.309803921568627
0.337254901960784
0.501960784313725
0.631372549019608
0.529411764705882
0.454901960784314
0.490196078431373
0.435294117647059
0.466666666666667
0.619607843137255
0.541176470588235
0.603921568627451
0.654901960784314
0.654901960784314
0.560784313725490
0.560784313725490
0.552941176470588
0.556862745098039
0.596078431372549
0.607843137254902
0.603921568627451
0.552941176470588
0.513725490196078
0.478431372549020
0.443137254901961
0.494117647058824
0.458823529411765
0.447058823529412
0.462745098039216
0.403921568627451
0.223529411764706
0.145098039215686
0.231372549019608
0.439215686274510
0.592156862745098
0.611764705882353
0.486274509803922
0.470588235294118
0.513725490196078
0.450980392156863
0.478431372549020
0.639215686274510
0.525490196078431
0.592156862745098
0.552941176470588
0.572549019607843
0.560784313725490
0.494117647058824
0.537254901960784
0.521568627450980
0.568627450980392
0.631372549019608
0.564705882352941
0.529411764705882
0.541176470588235
0.380392156862745
0.337254901960784
0.423529411764706
0.423529411764706
0.447058823529412
0.447058823529412
0.427450980392157
0.431372549019608
0.482352941176471
0.490196078431373
0.545098039215686
0.611764705882353
0.647058823529412
0.521568627450980
0.419607843137255
0.478431372549020
0.462745098039216
0.403921568627451
0.592156862745098
0.560784313725490
0.525490196078431
0.501960784313725
0.537254901960784
0.529411764705882
0.545098039215686
0.576470588235294
0.662745098039216
0.639215686274510
0.541176470588235
0.631372549019608
0.600000000000000
0.576470588235294
0.349019607843137
0.400000000000000
0.329411764705882
0.301960784313725
0.258823529411765
0.270588235294118
0.290196078431373
0.384313725490196
0.443137254901961
0.470588235294118
0.607843137254902
0.611764705882353
0.458823529411765
0.462745098039216
0.466666666666667
0.505882352941176
0.552941176470588
0.513725490196078
0.490196078431373
0.600000000000000
0.588235294117647
0.564705882352941
0.576470588235294
0.505882352941176
0.549019607843137
0.533333333333333
0.576470588235294
0.584313725490196
0.580392156862745
0.584313725490196
0.611764705882353
0.529411764705882
0.349019607843137
0.517647058823529
0.321568627450980
0.325490196078431
0.337254901960784
0.356862745098039
0.403921568627451
0.400000000000000
0.415686274509804
0.549019607843137
0.647058823529412
0.505882352941176
0.341176470588235
0.533333333333333
0.533333333333333
0.458823529411765
0.564705882352941
0.654901960784314
0.494117647058824
0.525490196078431
0.568627450980392
0.568627450980392
0.568627450980392
0.545098039215686
0.552941176470588
0.560784313725490
0.533333333333333
0.486274509803922
0.556862745098039
0.498039215686275
0.494117647058824
0.447058823529412
0.435294117647059
0.627450980392157
0.533333333333333
0.592156862745098
0.619607843137255
0.627450980392157
0.635294117647059
0.654901960784314
0.717647058823529
0.690196078431373
0.666666666666667
0.654901960784314
0.662745098039216
0.741176470588235
0.690196078431373
0.564705882352941
0.556862745098039
0.623529411764706
0.662745098039216
0.568627450980392
0.525490196078431
0.517647058823529
0.498039215686275
0.490196078431373
0.533333333333333
0.537254901960784
0.498039215686275
0.466666666666667
0.513725490196078
0.513725490196078
0.403921568627451
0.423529411764706
0.588235294117647
0.729411764705882
0.505882352941176
0.545098039215686
0.560784313725490
0.588235294117647
0.674509803921569
0.729411764705882
0.756862745098039
0.764705882352941
0.694117647058824
0.678431372549020
0.686274509803922
0.666666666666667
0.682352941176471
0.635294117647059
0.482352941176471
0.549019607843137
0.694117647058824
0.509803921568627
0.482352941176471
0.509803921568627
0.486274509803922
0.470588235294118
0.521568627450980
0.549019607843137
0.494117647058824
0.513725490196078
0.458823529411765
0.384313725490196
0.258823529411765
0.309803921568627
0.541176470588235
0.654901960784314
0.231372549019608
0.176470588235294
0.137254901960784
0.250980392156863
0.439215686274510
0.509803921568627
0.552941176470588
0.588235294117647
0.588235294117647
0.596078431372549
0.592156862745098
0.572549019607843
0.529411764705882
0.552941176470588
0.572549019607843
0.501960784313725
0.478431372549020
0.572549019607843
0.380392156862745
0.294117647058824
0.427450980392157
0.458823529411765
0.478431372549020
0.482352941176471
0.419607843137255
0.376470588235294
0.333333333333333
0.192156862745098
0.231372549019608
0.333333333333333
0.509803921568627
0.654901960784314
0.356862745098039
0.254901960784314
0.215686274509804
0.364705882352941
0.454901960784314
0.498039215686275
0.549019607843137
0.580392156862745
0.588235294117647
0.603921568627451
0.611764705882353
0.615686274509804
0.568627450980392
0.603921568627451
0.623529411764706
0.627450980392157
0.560784313725490
0.478431372549020
0.341176470588235
0.368627450980392
0.443137254901961
0.400000000000000
0.427450980392157
0.525490196078431
0.447058823529412
0.290196078431373
0.235294117647059
0.380392156862745
0.486274509803922
0.356862745098039
0.525490196078431
0.654901960784314
0.376470588235294
0.278431372549020
0.329411764705882
0.470588235294118
0.505882352941176
0.505882352941176
0.537254901960784
0.564705882352941
0.572549019607843
0.580392156862745
0.568627450980392
0.580392156862745
0.631372549019608
0.650980392156863
0.615686274509804
0.584313725490196
0.560784313725490
0.525490196078431
0.403921568627451
0.325490196078431
0.376470588235294
0.505882352941176
0.596078431372549
0.611764705882353
0.603921568627451
0.568627450980392
0.572549019607843
0.576470588235294
0.329411764705882
0.305882352941176
0.623529411764706
0.705882352941177
0.262745098039216
0.258823529411765
0.384313725490196
0.494117647058824
0.517647058823529
0.564705882352941
0.627450980392157
0.607843137254902
0.556862745098039
0.474509803921569
0.454901960784314
0.466666666666667
0.447058823529412
0.439215686274510
0.439215686274510
0.294117647058824
0.239215686274510
0.392156862745098
0.466666666666667
0.341176470588235
0.466666666666667
0.670588235294118
0.643137254901961
0.584313725490196
0.560784313725490
0.584313725490196
0.568627450980392
0.423529411764706
0.533333333333333
0.674509803921569
0.709803921568627
0.701960784313725
0.298039215686275
0.352941176470588
0.384313725490196
0.368627450980392
0.403921568627451
0.517647058823529
0.396078431372549
0.247058823529412
0.160784313725490
0.086274509803922
0.074509803921569
0.078431372549020
0.101960784313725
0.254901960784314
0.282352941176471
0.133333333333333
0.200000000000000
0.227450980392157
0.380392156862745
0.584313725490196
0.611764705882353
0.603921568627451
0.588235294117647
0.619607843137255
0.627450980392157
0.592156862745098
0.435294117647059
0.462745098039216
0.772549019607843
0.788235294117647
0.737254901960784
0.725490196078431
0.341176470588235
0.317647058823529
0.231372549019608
0.196078431372549
0.423529411764706
0.470588235294118
0.231372549019608
0.094117647058824
0.086274509803922
0.094117647058824
0.090196078431373
0.043137254901961
0.168627450980392
0.372549019607843
0.368627450980392
0.407843137254902
0.545098039215686
0.435294117647059
0.525490196078431
0.662745098039216
0.631372549019608
0.600000000000000
0.584313725490196
0.584313725490196
0.611764705882353
0.470588235294118
0.427450980392157
0.458823529411765
0.513725490196078
0.560784313725490
0.505882352941176
0.611764705882353
0.196078431372549
0.227450980392157
0.282352941176471
0.368627450980392
0.380392156862745
0.321568627450980
0.282352941176471
0.247058823529412
0.286274509803922
0.337254901960784
0.356862745098039
0.396078431372549
0.345098039215686
0.372549019607843
0.415686274509804
0.376470588235294
0.341176470588235
0.337254901960784
0.372549019607843
0.427450980392157
0.466666666666667
0.494117647058824
0.439215686274510
0.384313725490196
0.454901960784314
0.423529411764706
0.345098039215686
0.321568627450980
0.352941176470588
0.360784313725490
0.321568627450980
0.254901960784314
0.250980392156863
0.317647058823529
0.341176470588235
0.298039215686275
0.309803921568627
0.301960784313725
0.274509803921569
0.231372549019608
0.207843137254902
0.227450980392157
0.231372549019608
0.200000000000000
0.156862745098039
0.247058823529412
0.270588235294118
0.250980392156863
0.298039215686275
0.345098039215686
0.376470588235294
0.439215686274510
0.454901960784314
0.380392156862745
0.317647058823529
0.337254901960784
0.533333333333333
0.427450980392157
0.333333333333333
0.360784313725490
0.337254901960784
0.337254901960784
0.278431372549020
0.105882352941176
0.180392156862745
0.223529411764706
0.274509803921569
0.313725490196078
0.415686274509804
0.294117647058824
0.098039215686275
0.082352941176471
0.192156862745098
0.219607843137255
0.207843137254902
0.184313725490196
0.156862745098039
0.215686274509804
0.278431372549020
0.250980392156863
0.278431372549020
0.392156862745098
0.470588235294118
0.490196078431373
0.349019607843137
0.196078431372549
0.215686274509804
0.470588235294118
0.654901960784314
0.443137254901961
0.215686274509804
0.133333333333333
0.137254901960784
0.176470588235294
0.094117647058824
0.066666666666667
0.117647058823529
0.113725490196078
0.137254901960784
0.184313725490196
0.235294117647059
0.262745098039216
0.200000000000000
0.274509803921569
0.407843137254902
0.462745098039216
0.454901960784314
0.431372549019608
0.376470588235294
0.360784313725490
0.376470588235294
0.360784313725490
0.352941176470588
0.364705882352941
0.450980392156863
0.341176470588235
0.262745098039216
0.364705882352941
0.349019607843137
0.603921568627451
0.713725490196078
0.572549019607843
0.337254901960784
0.125490196078431
0.050980392156863
0.145098039215686
0.219607843137255
0.250980392156863
0.086274509803922
0.137254901960784
0.207843137254902
0.278431372549020
0.294117647058824
0.239215686274510
0.243137254901961
0.301960784313725
0.474509803921569
0.513725490196078
0.517647058823529
0.505882352941176
0.419607843137255
0.392156862745098
0.407843137254902
0.403921568627451
0.450980392156863
0.458823529411765
0.427450980392157
0.345098039215686
0.345098039215686
0.376470588235294
0.360784313725490
0.466666666666667
0.623529411764706
0.650980392156863
0.545098039215686
0.294117647058824
0.058823529411765
0.050980392156863
0.141176470588235
0.203921568627451
0.141176470588235
0.239215686274510
0.282352941176471
0.282352941176471
0.266666666666667
0.270588235294118
0.309803921568627
0.282352941176471
0.345098039215686
0.498039215686275
0.529411764705882
0.529411764705882
0.513725490196078
0.431372549019608
0.337254901960784
0.372549019607843
0.486274509803922
0.388235294117647
0.278431372549020
0.282352941176471
0.282352941176471
0.274509803921569
0.305882352941176
0.372549019607843
0.466666666666667
0.619607843137255
0.592156862745098
0.458823529411765
0.305882352941176
0.121568627450980
0.090196078431373
0.113725490196078
0.215686274509804
0.231372549019608
0.235294117647059
0.254901960784314
0.282352941176471
0.301960784313725
0.309803921568627
0.294117647058824
0.223529411764706
0.250980392156863
0.403921568627451
0.529411764705882
0.545098039215686
0.545098039215686
0.525490196078431
0.474509803921569
0.470588235294118
0.458823529411765
0.388235294117647
0.278431372549020
0.235294117647059
0.294117647058824
0.270588235294118
0.270588235294118
0.376470588235294
0.482352941176471
0.592156862745098
0.525490196078431
0.447058823529412
0.341176470588235
0.137254901960784
0.058823529411765
0.223529411764706
0.235294117647059
0.254901960784314
0.290196078431373
0.298039215686275
0.239215686274510
0.196078431372549
0.227450980392157
0.274509803921569
0.200000000000000
0.188235294117647
0.282352941176471
0.466666666666667
0.537254901960784
0.529411764705882
0.521568627450980
0.509803921568627
0.411764705882353
0.337254901960784
0.368627450980392
0.400000000000000
0.376470588235294
0.349019607843137
0.305882352941176
0.360784313725490
0.411764705882353
0.494117647058824
0.611764705882353
0.580392156862745
0.478431372549020
0.329411764705882
0.145098039215686
0.231372549019608
0.250980392156863
0.270588235294118
0.282352941176471
0.286274509803922
0.262745098039216
0.219607843137255
0.160784313725490
0.200000000000000
0.231372549019608
0.125490196078431
0.180392156862745
0.419607843137255
0.482352941176471
0.454901960784314
0.505882352941176
0.431372549019608
0.431372549019608
0.423529411764706
0.392156862745098
0.282352941176471
0.352941176470588
0.466666666666667
0.450980392156863
0.400000000000000
0.400000000000000
0.407843137254902
0.552941176470588
0.635294117647059
0.588235294117647
0.462745098039216
0.349019607843137
0.211764705882353
0.184313725490196
0.149019607843137
0.117647058823529
0.094117647058824
0.074509803921569
0.058823529411765
0.031372549019608
0.090196078431373
0.250980392156863
0.294117647058824
0.329411764705882
0.400000000000000
0.380392156862745
0.341176470588235
0.588235294117647
0.556862745098039
0.400000000000000
0.388235294117647
0.474509803921569
0.341176470588235
0.231372549019608
0.419607843137255
0.494117647058824
0.352941176470588
0.321568627450980
0.407843137254902
0.427450980392157
0.545098039215686
0.678431372549020
0.572549019607843
0.392156862745098
0.047058823529412
0.027450980392157
0.027450980392157
0.047058823529412
0.047058823529412
0.050980392156863
0.094117647058824
0.184313725490196
0.278431372549020
0.380392156862745
0.376470588235294
0.321568627450980
0.341176470588235
0.396078431372549
0.317647058823529
0.392156862745098
0.588235294117647
0.607843137254902
0.415686274509804
0.286274509803922
0.427450980392157
0.462745098039216
0.325490196078431
0.341176470588235
0.400000000000000
0.333333333333333
0.341176470588235
0.384313725490196
0.435294117647059
0.619607843137255
0.647058823529412
0.454901960784314
0.070588235294118
0.105882352941176
0.137254901960784
0.133333333333333
0.066666666666667
0.086274509803922
0.211764705882353
0.317647058823529
0.325490196078431
0.388235294117647
0.380392156862745
0.309803921568627
0.349019607843137
0.360784313725490
0.345098039215686
0.200000000000000
0.227450980392157
0.545098039215686
0.690196078431373
0.450980392156863
0.215686274509804
0.380392156862745
0.462745098039216
0.305882352941176
0.435294117647059
0.549019607843137
0.341176470588235
0.341176470588235
0.384313725490196
0.478431372549020
0.647058823529412
0.588235294117647
0.168627450980392
0.219607843137255
0.203921568627451
0.156862745098039
0.109803921568627
0.172549019607843
0.286274509803922
0.294117647058824
0.305882352941176
0.368627450980392
0.400000000000000
0.368627450980392
0.372549019607843
0.352941176470588
0.376470588235294
0.345098039215686
0.329411764705882
0.419607843137255
0.509803921568627
0.596078431372549
0.396078431372549
0.286274509803922
0.419607843137255
0.490196078431373
0.439215686274510
0.568627450980392
0.435294117647059
0.321568627450980
0.380392156862745
0.458823529411765
0.588235294117647
0.666666666666667
0.172549019607843
0.243137254901961
0.254901960784314
0.203921568627451
0.145098039215686
0.231372549019608
0.294117647058824
0.294117647058824
0.309803921568627
0.227450980392157
0.290196078431373
0.337254901960784
0.290196078431373
0.345098039215686
0.376470588235294
0.396078431372549
0.454901960784314
0.435294117647059
0.368627450980392
0.462745098039216
0.572549019607843
0.513725490196078
0.490196078431373
0.545098039215686
0.533333333333333
0.494117647058824
0.431372549019608
0.352941176470588
0.356862745098039
0.447058823529412
0.509803921568627
0.596078431372549
0.192156862745098
0.231372549019608
0.188235294117647
0.137254901960784
0.200000000000000
0.278431372549020
0.301960784313725
0.243137254901961
0.133333333333333
0.050980392156863
0.196078431372549
0.458823529411765
0.317647058823529
0.337254901960784
0.431372549019608
0.384313725490196
0.466666666666667
0.505882352941176
0.482352941176471
0.529411764705882
0.552941176470588
0.635294117647059
0.592156862745098
0.517647058823529
0.513725490196078
0.525490196078431
0.431372549019608
0.356862745098039
0.337254901960784
0.364705882352941
0.435294117647059
0.533333333333333
0.196078431372549
0.184313725490196
0.129411764705882
0.117647058823529
0.231372549019608
0.286274509803922
0.243137254901961
0.070588235294118
0.027450980392157
0.109803921568627
0.286274509803922
0.529411764705882
0.423529411764706
0.337254901960784
0.415686274509804
0.443137254901961
0.470588235294118
0.505882352941176
0.458823529411765
0.580392156862745
0.611764705882353
0.592156862745098
0.611764705882353
0.588235294117647
0.560784313725490
0.482352941176471
0.321568627450980
0.372549019607843
0.443137254901961
0.360784313725490
0.474509803921569
0.611764705882353
0.227450980392157
0.266666666666667
0.262745098039216
0.294117647058824
0.282352941176471
0.282352941176471
0.133333333333333
0.023529411764706
0.156862745098039
0.325490196078431
0.352941176470588
0.470588235294118
0.462745098039216
0.333333333333333
0.384313725490196
0.513725490196078
0.423529411764706
0.486274509803922
0.537254901960784
0.521568627450980
0.596078431372549
0.588235294117647
0.580392156862745
0.552941176470588
0.525490196078431
0.407843137254902
0.207843137254902
0.321568627450980
0.470588235294118
0.301960784313725
0.423529411764706
0.650980392156863
0.301960784313725
0.290196078431373
0.258823529411765
0.341176470588235
0.309803921568627
0.282352941176471
0.200000000000000
0.152941176470588
0.317647058823529
0.364705882352941
0.321568627450980
0.400000000000000
0.431372549019608
0.345098039215686
0.372549019607843
0.466666666666667
0.443137254901961
0.466666666666667
0.552941176470588
0.509803921568627
0.533333333333333
0.639215686274510
0.607843137254902
0.556862745098039
0.556862745098039
0.450980392156863
0.294117647058824
0.274509803921569
0.415686274509804
0.333333333333333
0.258823529411765
0.474509803921569
0.317647058823529
0.290196078431373
0.196078431372549
0.266666666666667
0.294117647058824
0.286274509803922
0.376470588235294
0.349019607843137
0.235294117647059
0.286274509803922
0.349019607843137
0.364705882352941
0.392156862745098
0.392156862745098
0.341176470588235
0.396078431372549
0.521568627450980
0.427450980392157
0.505882352941176
0.580392156862745
0.549019607843137
0.517647058823529
0.580392156862745
0.572549019607843
0.588235294117647
0.541176470588235
0.474509803921569
0.474509803921569
0.450980392156863
0.403921568627451
0.247058823529412
0.270588235294118
0.301960784313725
0.266666666666667
0.215686274509804
0.270588235294118
0.278431372549020
0.207843137254902
0.164705882352941
0.250980392156863
0.243137254901961
0.313725490196078
0.380392156862745
0.368627450980392
0.364705882352941
0.423529411764706
0.360784313725490
0.372549019607843
0.525490196078431
0.462745098039216
0.533333333333333
0.584313725490196
0.596078431372549
0.498039215686275
0.494117647058824
0.494117647058824
0.501960784313725
0.537254901960784
0.549019607843137
0.545098039215686
0.494117647058824
0.443137254901961
0.384313725490196
0.290196078431373
0.325490196078431
0.305882352941176
0.301960784313725
0.317647058823529
0.278431372549020
0.133333333333333
0.086274509803922
0.164705882352941
0.313725490196078
0.384313725490196
0.384313725490196
0.360784313725490
0.400000000000000
0.447058823529412
0.380392156862745
0.376470588235294
0.537254901960784
0.443137254901961
0.513725490196078
0.490196078431373
0.525490196078431
0.490196078431373
0.423529411764706
0.474509803921569
0.458823529411765
0.513725490196078
0.568627450980392
0.505882352941176
0.462745098039216
0.494117647058824
0.305882352941176
0.184313725490196
0.305882352941176
0.317647058823529
0.321568627450980
0.301960784313725
0.286274509803922
0.286274509803922
0.345098039215686
0.368627450980392
0.388235294117647
0.411764705882353
0.423529411764706
0.345098039215686
0.333333333333333
0.423529411764706
0.419607843137255
0.325490196078431
0.494117647058824
0.462745098039216
0.435294117647059
0.443137254901961
0.482352941176471
0.462745098039216
0.482352941176471
0.517647058823529
0.611764705882353
0.588235294117647
0.470588235294118
0.560784313725490
0.529411764705882
0.521568627450980
0.270588235294118
0.278431372549020
0.219607843137255
0.200000000000000
0.176470588235294
0.180392156862745
0.176470588235294
0.243137254901961
0.282352941176471
0.282352941176471
0.356862745098039
0.372549019607843
0.278431372549020
0.290196078431373
0.341176470588235
0.431372549019608
0.498039215686275
0.443137254901961
0.403921568627451
0.486274509803922
0.470588235294118
0.474509803921569
0.498039215686275
0.431372549019608
0.470588235294118
0.462745098039216
0.517647058823529
0.541176470588235
0.505882352941176
0.501960784313725
0.529411764705882
0.450980392156863
0.274509803921569
0.400000000000000
0.223529411764706
0.235294117647059
0.243137254901961
0.262745098039216
0.301960784313725
0.301960784313725
0.290196078431373
0.325490196078431
0.364705882352941
0.290196078431373
0.192156862745098
0.345098039215686
0.372549019607843
0.372549019607843
0.501960784313725
0.596078431372549
0.431372549019608
0.443137254901961
0.474509803921569
0.478431372549020
0.486274509803922
0.458823529411765
0.458823529411765
0.482352941176471
0.466666666666667
0.415686274509804
0.478431372549020
0.419607843137255
0.415686274509804
0.356862745098039
0.337254901960784
0.498039215686275
0.380392156862745
0.435294117647059
0.454901960784314
0.466666666666667
0.501960784313725
0.533333333333333
0.584313725490196
0.513725490196078
0.450980392156863
0.454901960784314
0.466666666666667
0.517647058823529
0.486274509803922
0.427450980392157
0.478431372549020
0.580392156862745
0.623529411764706
0.513725490196078
0.458823529411765
0.447058823529412
0.427450980392157
0.411764705882353
0.447058823529412
0.450980392156863
0.400000000000000
0.380392156862745
0.454901960784314
0.443137254901961
0.309803921568627
0.305882352941176
0.458823529411765
0.611764705882353
0.364705882352941
0.376470588235294
0.388235294117647
0.419607843137255
0.505882352941176
0.576470588235294
0.631372549019608
0.635294117647059
0.552941176470588
0.517647058823529
0.486274509803922
0.450980392156863
0.470588235294118
0.458823529411765
0.368627450980392
0.470588235294118
0.639215686274510
0.458823529411765
0.419607843137255
0.443137254901961
0.411764705882353
0.400000000000000
0.400000000000000
0.345098039215686
0.349019607843137
0.435294117647059
0.384313725490196
0.305882352941176
0.164705882352941
0.196078431372549
0.423529411764706
0.545098039215686
0.121568627450980
0.082352941176471
0.062745098039216
0.164705882352941
0.321568627450980
0.376470588235294
0.407843137254902
0.447058823529412
0.470588235294118
0.466666666666667
0.466666666666667
0.462745098039216
0.396078431372549
0.419607843137255
0.454901960784314
0.384313725490196
0.388235294117647
0.513725490196078
0.313725490196078
0.227450980392157
0.364705882352941
0.368627450980392
0.329411764705882
0.321568627450980
0.305882352941176
0.290196078431373
0.243137254901961
0.113725490196078
0.149019607843137
0.231372549019608
0.376470588235294
0.513725490196078
0.227450980392157
0.152941176470588
0.149019607843137
0.286274509803922
0.333333333333333
0.356862745098039
0.423529411764706
0.470588235294118
0.474509803921569
0.494117647058824
0.541176470588235
0.552941176470588
0.443137254901961
0.450980392156863
0.466666666666667
0.486274509803922
0.447058823529412
0.388235294117647
0.262745098039216
0.305882352941176
0.384313725490196
0.309803921568627
0.337254901960784
0.435294117647059
0.325490196078431
0.176470588235294
0.125490196078431
0.247058823529412
0.356862745098039
0.235294117647059
0.384313725490196
0.509803921568627
0.254901960784314
0.176470588235294
0.247058823529412
0.372549019607843
0.368627450980392
0.360784313725490
0.419607843137255
0.462745098039216
0.474509803921569
0.498039215686275
0.482352941176471
0.466666666666667
0.482352941176471
0.501960784313725
0.478431372549020
0.462745098039216
0.458823529411765
0.411764705882353
0.282352941176471
0.239215686274510
0.301960784313725
0.419607843137255
0.505882352941176
0.474509803921569
0.415686274509804
0.376470588235294
0.380392156862745
0.388235294117647
0.172549019607843
0.164705882352941
0.470588235294118
0.576470588235294
0.160784313725490
0.172549019607843
0.294117647058824
0.376470588235294
0.380392156862745
0.431372549019608
0.513725490196078
0.521568627450980
0.486274509803922
0.396078431372549
0.356862745098039
0.356862745098039
0.349019607843137
0.345098039215686
0.360784313725490
0.223529411764706
0.164705882352941
0.282352941176471
0.317647058823529
0.219607843137255
0.384313725490196
0.556862745098039
0.474509803921569
0.396078431372549
0.376470588235294
0.396078431372549
0.384313725490196
0.278431372549020
0.376470588235294
0.423529411764706
0.454901960784314
0.533333333333333
0.207843137254902
0.270588235294118
0.301960784313725
0.266666666666667
0.286274509803922
0.407843137254902
0.317647058823529
0.203921568627451
0.129411764705882
0.050980392156863
0.039215686274510
0.043137254901961
0.058823529411765
0.192156862745098
0.207843137254902
0.050980392156863
0.129411764705882
0.152941176470588
0.262745098039216
0.450980392156863
0.478431372549020
0.439215686274510
0.388235294117647
0.415686274509804
0.443137254901961
0.411764705882353
0.254901960784314
0.278431372549020
0.600000000000000
0.525490196078431
0.482352941176471
0.572549019607843
0.258823529411765
0.258823529411765
0.200000000000000
0.133333333333333
0.313725490196078
0.360784313725490
0.168627450980392
0.082352941176471
0.078431372549020
0.090196078431373
0.078431372549020
0.027450980392157
0.125490196078431
0.298039215686275
0.274509803921569
0.282352941176471
0.419607843137255
0.341176470588235
0.431372549019608
0.541176470588235
0.466666666666667
0.415686274509804
0.411764705882353
0.403921568627451
0.423529411764706
0.294117647058824
0.250980392156863
0.258823529411765
0.325490196078431
0.384313725490196
0.349019607843137
0.458823529411765
