5.507246376811594235e-01
5.507246376811594235e-01
5.072463768115942351e-01
4.782608695652174058e-01
4.347826086956521618e-01
3.864734299516908167e-01
4.396135265700483186e-01
3.816425120772946600e-01
3.478260869565217295e-01
4.589371980676328344e-01
4.154589371980676460e-01
4.009661835748792313e-01
4.589371980676328344e-01
4.251207729468599039e-01
4.106280193236714893e-01
6.280193236714975979e-01
5.990338164251207687e-01
5.797101449275362528e-01
7.922705314009661492e-01
7.681159420289854767e-01
7.487922705314009608e-01
7.922705314009661492e-01
7.632850241545893200e-01
7.439613526570048041e-01
6.618357487922705840e-01
6.280193236714975979e-01
6.038647342995169254e-01
4.589371980676328344e-01
3.719806763285024021e-01
3.478260869565217295e-01
3.043478260869565410e-01
2.077294685990338230e-01
1.835748792270531504e-01
2.898550724637681264e-01
2.173913043478260809e-01
1.835748792270531504e-01
2.995169082125603843e-01
2.415458937198067535e-01
2.028985507246376940e-01
3.333333333333333148e-01
2.850241545893719697e-01
2.512077294685990392e-01
4.106280193236714893e-01
3.478260869565217295e-01
3.188405797101449002e-01
4.782608695652174058e-01
4.202898550724637472e-01
3.913043478260869734e-01
5.458937198067632668e-01
4.927536231884058204e-01
4.637681159420289911e-01
6.280193236714975979e-01
5.797101449275362528e-01
5.458937198067632668e-01
7.004830917874396157e-01
6.521739130434782705e-01
6.328502415458937547e-01
7.487922705314009608e-01
7.101449275362319291e-01
7.149758454106279748e-01
8.115942028985507761e-01
7.729468599033816334e-01
7.874396135265701036e-01
8.550724637681159646e-01
8.309178743961352920e-01
8.357487922705314487e-01
8.937198067632849963e-01
8.792270531400966371e-01
8.840579710144927938e-01
9.323671497584541390e-01
9.227053140096618256e-01
9.371980676328502957e-01
9.468599033816424981e-01
9.516908212560386549e-01
9.806763285024154841e-01
9.371980676328502957e-01
9.516908212560386549e-01
9.855072463768116409e-01
9.275362318840579823e-01
9.516908212560386549e-01
9.855072463768116409e-01
9.227053140096618256e-01
9.613526570048309683e-01
9.855072463768116409e-01
9.227053140096618256e-01
9.613526570048309683e-01
9.855072463768116409e-01
9.227053140096618256e-01
9.468599033816424981e-01
9.806763285024154841e-01
9.130434782608695121e-01
9.371980676328502957e-01
9.710144927536231707e-01
9.227053140096618256e-01
9.516908212560386549e-01
9.806763285024154841e-01
6.328502415458937547e-01
6.521739130434782705e-01
6.328502415458937547e-01
6.521739130434782705e-01
6.425120772946859571e-01
6.183574879227052845e-01
7.971014492753623060e-01
7.777777777777777901e-01
7.681159420289854767e-01
8.792270531400966371e-01
8.647342995169081670e-01
8.647342995169081670e-01
8.502415458937198078e-01
8.695652173913043237e-01
8.888888888888888395e-01
8.550724637681159646e-01
8.888888888888888395e-01
9.178743961352656688e-01
8.502415458937198078e-01
8.840579710144927938e-01
9.130434782608695121e-01
8.115942028985507761e-01
8.454106280193236511e-01
8.695652173913043237e-01
8.502415458937198078e-01
8.792270531400966371e-01
8.985507246376811530e-01
8.309178743961352920e-01
8.212560386473429785e-01
8.260869565217391353e-01
6.666666666666666297e-01
6.376811594202898004e-01
6.425120772946859571e-01
5.942028985507246119e-01
5.555555555555555802e-01
5.555555555555555802e-01
5.169082125603864375e-01
4.685990338164251479e-01
4.685990338164251479e-01
3.719806763285024021e-01
3.188405797101449002e-01
3.091787439613526423e-01
2.705314009661835550e-01
2.028985507246376940e-01
1.594202898550724501e-01
2.898550724637681264e-01
2.077294685990338230e-01
1.594202898550724501e-01
3.333333333333333148e-01
2.367149758454106245e-01
1.835748792270531504e-01
3.188405797101449002e-01
2.077294685990338230e-01
1.352657004830917775e-01
3.429951690821256283e-01
2.270531400966183666e-01
1.497584541062801922e-01
3.816425120772946600e-01
2.657004830917874538e-01
2.318840579710144956e-01
4.009661835748792313e-01
2.995169082125603843e-01
2.705314009661835550e-01
4.396135265700483186e-01
3.623188405797101441e-01
3.236714975845410569e-01
4.830917874396135070e-01
4.251207729468599039e-01
3.816425120772946600e-01
5.603864734299517369e-01
5.169082125603864375e-01
4.830917874396135070e-01
6.376811594202898004e-01
6.038647342995169254e-01
6.086956521739130821e-01
7.101449275362319291e-01
6.811594202898550998e-01
6.908212560386473022e-01
7.681159420289854767e-01
7.536231884057971175e-01
7.584541062801932743e-01
8.309178743961352920e-01
8.260869565217391353e-01
8.260869565217391353e-01
8.743961352657004804e-01
8.840579710144927938e-01
8.888888888888888395e-01
8.888888888888888395e-01
9.178743961352656688e-01
9.371980676328502957e-01
9.033816425120773097e-01
9.371980676328502957e-01
9.565217391304348116e-01
9.323671497584541390e-01
9.661835748792270140e-01
9.855072463768116409e-01
8.164251207729468218e-01
8.405797101449274944e-01
8.309178743961352920e-01
6.376811594202898004e-01
6.521739130434782705e-01
6.521739130434782705e-01
7.004830917874396157e-01
7.053140096618357724e-01
7.053140096618357724e-01
8.454106280193236511e-01
8.405797101449274944e-01
8.405797101449274944e-01
8.792270531400966371e-01
8.840579710144927938e-01
8.888888888888888395e-01
8.405797101449274944e-01
8.502415458937198078e-01
8.599033816425121213e-01
8.695652173913043237e-01
8.792270531400966371e-01
8.888888888888888395e-01
8.019323671497584627e-01
8.164251207729468218e-01
8.260869565217391353e-01
7.971014492753623060e-01
8.115942028985507761e-01
8.212560386473429785e-01
8.985507246376811530e-01
9.178743961352656688e-01
9.420289855072463414e-01
9.420289855072463414e-01
9.516908212560386549e-01
9.806763285024154841e-01
8.115942028985507761e-01
8.067632850241546194e-01
8.260869565217391353e-01
7.632850241545893200e-01
7.342995169082126017e-01
7.487922705314009608e-01
7.922705314009661492e-01
7.536231884057971175e-01
7.584541062801932743e-01
6.714975845410627864e-01
6.425120772946859571e-01
6.280193236714975979e-01
7.004830917874396157e-01
6.666666666666666297e-01
6.618357487922705840e-01
7.777777777777777901e-01
7.246376811594202882e-01
7.246376811594202882e-01
5.652173913043477826e-01
5.024154589371980784e-01
4.685990338164251479e-01
2.608695652173912971e-01
1.787439613526569937e-01
1.111111111111111049e-01
2.463768115942029102e-01
1.207729468599033767e-01
6.763285024154588876e-02
2.560386473429951959e-01
1.304347826086956486e-01
7.246376811594203160e-02
2.512077294685990392e-01
1.352657004830917775e-01
7.729468599033816056e-02
2.657004830917874538e-01
1.690821256038647358e-01
1.062801932367149760e-01
2.946859903381642276e-01
1.980676328502415373e-01
1.352657004830917775e-01
3.091787439613526423e-01
1.884057971014492794e-01
1.400966183574879342e-01
3.333333333333333148e-01
2.173913043478260809e-01
1.690821256038647358e-01
3.526570048309178862e-01
2.512077294685990392e-01
2.028985507246376940e-01
4.009661835748792313e-01
3.043478260869565410e-01
2.463768115942029102e-01
4.734299516908212491e-01
3.961352657004830746e-01
3.574879227053139874e-01
5.362318840579710644e-01
4.830917874396135070e-01
4.927536231884058204e-01
6.183574879227052845e-01
5.652173913043477826e-01
5.797101449275362528e-01
7.101449275362319291e-01
6.570048309178744272e-01
6.714975845410627864e-01
8.985507246376811530e-01
9.033816425120773097e-01
8.937198067632849963e-01
8.019323671497584627e-01
8.260869565217391353e-01
8.309178743961352920e-01
6.666666666666666297e-01
6.859903381642512565e-01
6.811594202898550998e-01
7.584541062801932743e-01
7.536231884057971175e-01
7.294685990338164450e-01
8.260869565217391353e-01
8.164251207729468218e-01
8.019323671497584627e-01
8.599033816425121213e-01
8.550724637681159646e-01
8.454106280193236511e-01
8.985507246376811530e-01
8.937198067632849963e-01
8.840579710144927938e-01
8.550724637681159646e-01
8.454106280193236511e-01
8.357487922705314487e-01
8.115942028985507761e-01
8.067632850241546194e-01
8.067632850241546194e-01
8.937198067632849963e-01
9.033816425120773097e-01
9.468599033816424981e-01
9.227053140096618256e-01
9.323671497584541390e-01
9.806763285024154841e-01
8.840579710144927938e-01
8.792270531400966371e-01
9.082125603864734664e-01
7.826086956521739468e-01
7.729468599033816334e-01
7.826086956521739468e-01
7.729468599033816334e-01
7.584541062801932743e-01
7.536231884057971175e-01
8.115942028985507761e-01
8.115942028985507761e-01
7.971014492753623060e-01
8.550724637681159646e-01
8.502415458937198078e-01
8.743961352657004804e-01
9.130434782608695121e-01
8.985507246376811530e-01
9.516908212560386549e-01
8.743961352657004804e-01
8.647342995169081670e-01
8.840579710144927938e-01
5.169082125603864375e-01
4.975845410628019216e-01
4.637681159420289911e-01
1.787439613526569937e-01
1.062801932367149760e-01
4.347826086956521618e-02
1.932367149758454083e-01
1.014492753623188470e-01
3.864734299516908028e-02
2.222222222222222099e-01
1.159420289855072478e-01
6.280193236714975979e-02
2.463768115942029102e-01
1.256038647342995196e-01
7.729468599033816056e-02
2.560386473429951959e-01
1.256038647342995196e-01
7.729468599033816056e-02
2.657004830917874538e-01
1.111111111111111049e-01
5.314009661835748799e-02
2.705314009661835550e-01
1.207729468599033767e-01
5.797101449275362389e-02
2.608695652173912971e-01
1.256038647342995196e-01
6.280193236714975979e-02
2.512077294685990392e-01
1.256038647342995196e-01
5.314009661835748799e-02
2.463768115942029102e-01
1.304347826086956486e-01
6.763285024154588876e-02
2.463768115942029102e-01
1.449275362318840632e-01
1.159420289855072478e-01
2.608695652173912971e-01
1.545893719806763211e-01
1.304347826086956486e-01
2.946859903381642276e-01
1.884057971014492794e-01
1.642512077294686068e-01
7.004830917874396157e-01
6.859903381642512565e-01
6.666666666666666297e-01
7.681159420289854767e-01
7.777777777777777901e-01
7.729468599033816334e-01
7.101449275362319291e-01
7.053140096618357724e-01
6.908212560386473022e-01
6.763285024154589431e-01
6.618357487922705840e-01
6.231884057971014412e-01
7.149758454106279748e-01
7.101449275362319291e-01
7.004830917874396157e-01
8.212560386473429785e-01
8.260869565217391353e-01
8.309178743961352920e-01
8.599033816425121213e-01
8.647342995169081670e-01
8.695652173913043237e-01
8.309178743961352920e-01
8.405797101449274944e-01
8.454106280193236511e-01
7.826086956521739468e-01
7.874396135265701036e-01
8.019323671497584627e-01
8.985507246376811530e-01
8.937198067632849963e-01
9.420289855072463414e-01
9.323671497584541390e-01
9.227053140096618256e-01
9.758454106280193274e-01
9.082125603864734664e-01
9.033816425120773097e-01
9.275362318840579823e-01
8.647342995169081670e-01
8.550724637681159646e-01
8.502415458937198078e-01
5.797101449275362528e-01
5.700483091787439394e-01
5.362318840579710644e-01
6.425120772946859571e-01
6.135265700483091278e-01
5.700483091787439394e-01
8.454106280193236511e-01
8.212560386473429785e-01
8.309178743961352920e-01
8.792270531400966371e-01
8.647342995169081670e-01
9.227053140096618256e-01
8.454106280193236511e-01
8.502415458937198078e-01
8.840579710144927938e-01
5.845410628019324095e-01
5.990338164251207687e-01
5.797101449275362528e-01
1.545893719806763211e-01
1.256038647342995196e-01
8.695652173913043237e-02
9.661835748792270417e-02
4.347826086956521618e-02
4.830917874396135035e-03
1.449275362318840632e-01
6.280193236714975979e-02
2.898550724637681195e-02
1.932367149758454083e-01
7.729468599033816056e-02
5.314009661835748799e-02
2.270531400966183666e-01
9.661835748792270417e-02
7.246376811594203160e-02
2.318840579710144956e-01
1.159420289855072478e-01
8.695652173913043237e-02
2.270531400966183666e-01
1.207729468599033767e-01
8.695652173913043237e-02
2.173913043478260809e-01
1.207729468599033767e-01
8.695652173913043237e-02
2.125603864734299520e-01
1.256038647342995196e-01
8.695652173913043237e-02
2.077294685990338230e-01
1.256038647342995196e-01
7.729468599033816056e-02
2.077294685990338230e-01
1.159420289855072478e-01
5.314009661835748799e-02
2.028985507246376940e-01
1.111111111111111049e-01
4.830917874396135209e-02
1.980676328502415373e-01
1.062801932367149760e-01
4.347826086956521618e-02
6.135265700483091278e-01
6.086956521739130821e-01
5.652173913043477826e-01
4.879227053140096637e-01
4.541062801932367332e-01
4.009661835748792313e-01
5.120772946859903918e-01
4.347826086956521618e-01
3.913043478260869734e-01
6.280193236714975979e-01
5.942028985507246119e-01
5.410628019323671101e-01
6.473429951690821138e-01
6.425120772946859571e-01
6.135265700483091278e-01
7.632850241545893200e-01
7.681159420289854767e-01
7.536231884057971175e-01
8.695652173913043237e-01
8.743961352657004804e-01
8.743961352657004804e-01
8.260869565217391353e-01
8.405797101449274944e-01
8.550724637681159646e-01
7.632850241545893200e-01
7.777777777777777901e-01
8.019323671497584627e-01
8.502415458937198078e-01
8.502415458937198078e-01
8.792270531400966371e-01
9.082125603864734664e-01
9.082125603864734664e-01
9.420289855072463414e-01
8.840579710144927938e-01
8.743961352657004804e-01
8.937198067632849963e-01
6.714975845410627864e-01
6.280193236714975979e-01
6.038647342995169254e-01
3.381642512077294715e-01
2.608695652173912971e-01
1.980676328502415373e-01
3.913043478260869734e-01
3.140096618357487990e-01
2.512077294685990392e-01
7.632850241545893200e-01
7.149758454106279748e-01
6.908212560386473022e-01
8.743961352657004804e-01
8.550724637681159646e-01
8.743961352657004804e-01
8.743961352657004804e-01
8.743961352657004804e-01
8.937198067632849963e-01
8.019323671497584627e-01
8.019323671497584627e-01
8.067632850241546194e-01
6.038647342995169254e-01
5.748792270531400961e-01
5.990338164251207687e-01
4.734299516908212491e-01
4.347826086956521618e-01
4.492753623188405765e-01
4.009661835748792313e-01
3.574879227053139874e-01
3.526570048309178862e-01
3.381642512077294715e-01
2.898550724637681264e-01
2.657004830917874538e-01
2.801932367149758685e-01
2.222222222222222099e-01
1.884057971014492794e-01
2.270531400966183666e-01
1.690821256038647358e-01
1.352657004830917775e-01
1.835748792270531504e-01
1.256038647342995196e-01
9.178743961352657521e-02
1.594202898550724501e-01
1.014492753623188470e-01
6.763285024154588876e-02
1.545893719806763211e-01
1.014492753623188470e-01
6.280193236714975979e-02
1.594202898550724501e-01
1.062801932367149760e-01
7.246376811594203160e-02
1.884057971014492794e-01
1.256038647342995196e-01
9.661835748792270417e-02
2.173913043478260809e-01
1.497584541062801922e-01
1.207729468599033767e-01
2.657004830917874538e-01
1.980676328502415373e-01
1.690821256038647358e-01
6.811594202898550998e-01
6.811594202898550998e-01
6.376811594202898004e-01
4.541062801932367332e-01
4.057971014492753881e-01
3.429951690821256283e-01
3.913043478260869734e-01
2.898550724637681264e-01
2.318840579710144956e-01
4.685990338164251479e-01
4.251207729468599039e-01
3.671497584541063008e-01
5.314009661835749077e-01
5.217391304347825942e-01
4.734299516908212491e-01
6.521739130434782705e-01
6.473429951690821138e-01
6.183574879227052845e-01
8.067632850241546194e-01
8.067632850241546194e-01
7.922705314009661492e-01
8.985507246376811530e-01
9.082125603864734664e-01
9.178743961352656688e-01
8.454106280193236511e-01
8.599033816425121213e-01
8.792270531400966371e-01
8.164251207729468218e-01
8.164251207729468218e-01
8.309178743961352920e-01
8.937198067632849963e-01
8.937198067632849963e-01
9.082125603864734664e-01
7.053140096618357724e-01
6.908212560386473022e-01
6.956521739130434590e-01
3.961352657004830746e-01
3.381642512077294715e-01
3.091787439613526423e-01
3.478260869565217295e-01
2.463768115942029102e-01
1.835748792270531504e-01
3.140096618357487990e-01
2.173913043478260809e-01
1.545893719806763211e-01
6.376811594202898004e-01
5.797101449275362528e-01
5.507246376811594235e-01
7.971014492753623060e-01
7.777777777777777901e-01
7.826086956521739468e-01
8.260869565217391353e-01
8.260869565217391353e-01
8.405797101449274944e-01
8.792270531400966371e-01
8.743961352657004804e-01
8.888888888888888395e-01
8.985507246376811530e-01
8.840579710144927938e-01
9.178743961352656688e-01
9.082125603864734664e-01
8.937198067632849963e-01
9.227053140096618256e-01
8.647342995169081670e-01
8.550724637681159646e-01
8.695652173913043237e-01
8.164251207729468218e-01
8.067632850241546194e-01
8.067632850241546194e-01
7.632850241545893200e-01
7.439613526570048041e-01
7.342995169082126017e-01
6.521739130434782705e-01
6.086956521739130821e-01
5.845410628019324095e-01
4.975845410628019216e-01
4.492753623188405765e-01
4.251207729468599039e-01
3.188405797101449002e-01
2.753623188405797118e-01
2.512077294685990392e-01
3.719806763285024021e-01
3.285024154589372136e-01
3.043478260869565410e-01
5.072463768115942351e-01
4.637681159420289911e-01
4.444444444444444198e-01
5.990338164251207687e-01
5.555555555555555802e-01
5.555555555555555802e-01
6.425120772946859571e-01
5.990338164251207687e-01
5.990338164251207687e-01
7.294685990338164450e-01
6.859903381642512565e-01
6.859903381642512565e-01
6.811594202898550998e-01
7.004830917874396157e-01
6.714975845410627864e-01
5.314009661835749077e-01
4.879227053140096637e-01
4.299516908212560606e-01
3.429951690821256283e-01
2.415458937198067535e-01
1.884057971014492794e-01
4.299516908212560606e-01
3.816425120772946600e-01
3.188405797101449002e-01
4.009661835748792313e-01
3.864734299516908167e-01
3.285024154589372136e-01
4.202898550724637472e-01
4.106280193236714893e-01
3.623188405797101441e-01
4.057971014492753881e-01
4.057971014492753881e-01
3.768115942028985588e-01
6.086956521739130821e-01
6.086956521739130821e-01
6.038647342995169254e-01
6.570048309178744272e-01
6.618357487922705840e-01
6.714975845410627864e-01
6.280193236714975979e-01
6.280193236714975979e-01
6.328502415458937547e-01
6.376811594202898004e-01
6.328502415458937547e-01
6.328502415458937547e-01
4.154589371980676460e-01
3.913043478260869734e-01
3.719806763285024021e-01
3.236714975845410569e-01
2.705314009661835550e-01
2.318840579710144956e-01
3.043478260869565410e-01
2.270531400966183666e-01
1.690821256038647358e-01
2.946859903381642276e-01
2.028985507246376940e-01
1.449275362318840632e-01
6.425120772946859571e-01
5.797101449275362528e-01
5.507246376811594235e-01
7.922705314009661492e-01
7.729468599033816334e-01
7.777777777777777901e-01
8.019323671497584627e-01
7.971014492753623060e-01
8.164251207729468218e-01
8.212560386473429785e-01
8.212560386473429785e-01
8.357487922705314487e-01
8.695652173913043237e-01
8.695652173913043237e-01
8.888888888888888395e-01
9.033816425120773097e-01
9.082125603864734664e-01
9.323671497584541390e-01
9.082125603864734664e-01
9.082125603864734664e-01
9.371980676328502957e-01
9.371980676328502957e-01
9.371980676328502957e-01
9.758454106280193274e-01
9.758454106280193274e-01
9.661835748792270140e-01
1.000000000000000000e+00
7.922705314009661492e-01
7.536231884057971175e-01
7.584541062801932743e-01
5.845410628019324095e-01
5.362318840579710644e-01
5.362318840579710644e-01
6.376811594202898004e-01
5.942028985507246119e-01
5.942028985507246119e-01
7.487922705314009608e-01
7.053140096618357724e-01
7.053140096618357724e-01
8.067632850241546194e-01
7.681159420289854767e-01
7.729468599033816334e-01
8.260869565217391353e-01
8.067632850241546194e-01
8.212560386473429785e-01
8.164251207729468218e-01
7.971014492753623060e-01
8.115942028985507761e-01
8.550724637681159646e-01
8.357487922705314487e-01
8.502415458937198078e-01
6.425120772946859571e-01
6.811594202898550998e-01
6.618357487922705840e-01
5.603864734299517369e-01
5.265700483091787509e-01
4.782608695652174058e-01
3.574879227053139874e-01
2.608695652173912971e-01
2.077294685990338230e-01
4.106280193236714893e-01
3.574879227053139874e-01
2.898550724637681264e-01
3.961352657004830746e-01
3.768115942028985588e-01
3.043478260869565410e-01
3.043478260869565410e-01
2.850241545893719697e-01
2.222222222222222099e-01
1.352657004830917775e-01
1.256038647342995196e-01
8.212560386473430341e-02
1.304347826086956486e-01
1.304347826086956486e-01
1.062801932367149760e-01
1.400966183574879342e-01
1.449275362318840632e-01
1.304347826086956486e-01
1.594202898550724501e-01
1.594202898550724501e-01
1.497584541062801922e-01
2.608695652173912971e-01
2.463768115942029102e-01
2.270531400966183666e-01
2.608695652173912971e-01
2.222222222222222099e-01
1.884057971014492794e-01
2.801932367149758685e-01
2.318840579710144956e-01
1.884057971014492794e-01
2.173913043478260809e-01
1.594202898550724501e-01
1.062801932367149760e-01
3.091787439613526423e-01
2.222222222222222099e-01
1.642512077294686068e-01
6.714975845410627864e-01
6.135265700483091278e-01
5.797101449275362528e-01
7.971014492753623060e-01
7.826086956521739468e-01
7.874396135265701036e-01
7.874396135265701036e-01
7.874396135265701036e-01
8.019323671497584627e-01
7.922705314009661492e-01
7.922705314009661492e-01
8.019323671497584627e-01
8.454106280193236511e-01
8.454106280193236511e-01
8.647342995169081670e-01
9.420289855072463414e-01
9.468599033816424981e-01
9.710144927536231707e-01
9.323671497584541390e-01
9.323671497584541390e-01
9.613526570048309683e-01
8.985507246376811530e-01
8.985507246376811530e-01
9.371980676328502957e-01
7.536231884057971175e-01
7.487922705314009608e-01
7.777777777777777901e-01
4.685990338164251479e-01
4.396135265700483186e-01
4.396135265700483186e-01
3.140096618357487990e-01
2.850241545893719697e-01
2.753623188405797118e-01
4.396135265700483186e-01
4.106280193236714893e-01
4.057971014492753881e-01
5.410628019323671101e-01
5.120772946859903918e-01
5.024154589371980784e-01
5.362318840579710644e-01
5.120772946859903918e-01
5.072463768115942351e-01
5.555555555555555802e-01
5.507246376811594235e-01
5.603864734299517369e-01
5.748792270531400961e-01
5.748792270531400961e-01
5.845410628019324095e-01
5.555555555555555802e-01
5.507246376811594235e-01
5.603864734299517369e-01
7.198067632850241315e-01
7.777777777777777901e-01
7.681159420289854767e-01
5.314009661835749077e-01
5.024154589371980784e-01
4.637681159420289911e-01
3.768115942028985588e-01
2.753623188405797118e-01
2.222222222222222099e-01
3.719806763285024021e-01
3.140096618357487990e-01
2.415458937198067535e-01
3.719806763285024021e-01
3.429951690821256283e-01
2.608695652173912971e-01
3.285024154589372136e-01
3.043478260869565410e-01
2.270531400966183666e-01
1.787439613526569937e-01
1.594202898550724501e-01
1.014492753623188470e-01
1.207729468599033767e-01
1.111111111111111049e-01
7.246376811594203160e-02
1.111111111111111049e-01
1.062801932367149760e-01
8.212560386473430341e-02
1.304347826086956486e-01
1.256038647342995196e-01
1.111111111111111049e-01
1.932367149758454083e-01
1.690821256038647358e-01
1.304347826086956486e-01
1.787439613526569937e-01
1.304347826086956486e-01
7.729468599033816056e-02
2.512077294685990392e-01
2.077294685990338230e-01
1.545893719806763211e-01
1.884057971014492794e-01
1.497584541062801922e-01
1.014492753623188470e-01
2.705314009661835550e-01
1.884057971014492794e-01
1.304347826086956486e-01
6.135265700483091278e-01
5.555555555555555802e-01
5.217391304347825942e-01
8.164251207729468218e-01
7.971014492753623060e-01
8.067632850241546194e-01
7.584541062801932743e-01
7.584541062801932743e-01
7.729468599033816334e-01
8.260869565217391353e-01
8.212560386473429785e-01
8.405797101449274944e-01
8.357487922705314487e-01
8.212560386473429785e-01
8.550724637681159646e-01
8.454106280193236511e-01
8.309178743961352920e-01
8.599033816425121213e-01
7.922705314009661492e-01
7.777777777777777901e-01
7.971014492753623060e-01
6.038647342995169254e-01
5.942028985507246119e-01
5.990338164251207687e-01
3.526570048309178862e-01
3.381642512077294715e-01
3.333333333333333148e-01
1.884057971014492794e-01
1.739130434782608647e-01
1.449275362318840632e-01
1.352657004830917775e-01
1.159420289855072478e-01
8.695652173913043237e-02
1.545893719806763211e-01
1.352657004830917775e-01
1.062801932367149760e-01
1.787439613526569937e-01
1.594202898550724501e-01
1.256038647342995196e-01
1.690821256038647358e-01
1.545893719806763211e-01
1.304347826086956486e-01
1.787439613526569937e-01
1.690821256038647358e-01
1.594202898550724501e-01
1.932367149758454083e-01
1.835748792270531504e-01
1.739130434782608647e-01
1.739130434782608647e-01
1.642512077294686068e-01
1.545893719806763211e-01
8.599033816425121213e-01
9.178743961352656688e-01
9.227053140096618256e-01
5.362318840579710644e-01
5.217391304347825942e-01
4.879227053140096637e-01
2.850241545893719697e-01
2.028985507246376940e-01
1.497584541062801922e-01
2.415458937198067535e-01
1.932367149758454083e-01
1.159420289855072478e-01
3.768115942028985588e-01
3.478260869565217295e-01
2.608695652173912971e-01
3.381642512077294715e-01
3.091787439613526423e-01
2.318840579710144956e-01
1.884057971014492794e-01
1.690821256038647358e-01
1.111111111111111049e-01
1.256038647342995196e-01
1.159420289855072478e-01
7.246376811594203160e-02
1.062801932367149760e-01
1.062801932367149760e-01
7.246376811594203160e-02
1.207729468599033767e-01
1.207729468599033767e-01
9.178743961352657521e-02
1.739130434782608647e-01
1.400966183574879342e-01
9.661835748792270417e-02
2.270531400966183666e-01
1.739130434782608647e-01
1.159420289855072478e-01
1.835748792270531504e-01
1.449275362318840632e-01
9.178743961352657521e-02
1.207729468599033767e-01
9.178743961352657521e-02
5.797101449275362389e-02
2.318840579710144956e-01
1.594202898550724501e-01
1.111111111111111049e-01
3.671497584541063008e-01
3.140096618357487990e-01
2.801932367149758685e-01
4.589371980676328344e-01
4.492753623188405765e-01
4.492753623188405765e-01
5.217391304347825942e-01
5.217391304347825942e-01
5.314009661835749077e-01
5.748792270531400961e-01
5.700483091787439394e-01
5.845410628019324095e-01
6.038647342995169254e-01
5.748792270531400961e-01
6.086956521739130821e-01
4.202898550724637472e-01
3.913043478260869734e-01
4.154589371980676460e-01
3.381642512077294715e-01
3.140096618357487990e-01
3.140096618357487990e-01
1.835748792270531504e-01
1.594202898550724501e-01
1.352657004830917775e-01
1.014492753623188470e-01
8.212560386473430341e-02
4.347826086956521618e-02
8.695652173913043237e-02
7.729468599033816056e-02
2.898550724637681195e-02
8.212560386473430341e-02
6.763285024154588876e-02
2.415458937198067604e-02
8.212560386473430341e-02
7.246376811594203160e-02
2.415458937198067604e-02
6.763285024154588876e-02
5.797101449275362389e-02
9.661835748792270070e-03
6.280193236714975979e-02
4.830917874396135209e-02
9.661835748792270070e-03
5.797101449275362389e-02
3.864734299516908028e-02
1.449275362318840597e-02
5.314009661835748799e-02
3.381642512077294438e-02
9.661835748792270070e-03
6.280193236714975979e-02
4.347826086956521618e-02
1.932367149758454014e-02
9.082125603864734664e-01
9.323671497584541390e-01
9.613526570048309683e-01
6.570048309178744272e-01
6.618357487922705840e-01
6.425120772946859571e-01
2.608695652173912971e-01
2.463768115942029102e-01
1.835748792270531504e-01
2.222222222222222099e-01
2.125603864734299520e-01
1.256038647342995196e-01
3.429951690821256283e-01
3.188405797101449002e-01
2.560386473429951959e-01
2.608695652173912971e-01
2.415458937198067535e-01
1.932367149758454083e-01
1.642512077294686068e-01
1.642512077294686068e-01
1.159420289855072478e-01
1.497584541062801922e-01
1.594202898550724501e-01
1.111111111111111049e-01
1.304347826086956486e-01
1.449275362318840632e-01
1.014492753623188470e-01
1.159420289855072478e-01
1.062801932367149760e-01
6.763285024154588876e-02
1.545893719806763211e-01
1.304347826086956486e-01
9.178743961352657521e-02
2.222222222222222099e-01
1.884057971014492794e-01
1.497584541062801922e-01
2.028985507246376940e-01
1.787439613526569937e-01
1.400966183574879342e-01
1.400966183574879342e-01
1.111111111111111049e-01
7.729468599033816056e-02
1.980676328502415373e-01
1.545893719806763211e-01
1.207729468599033767e-01
1.545893719806763211e-01
1.352657004830917775e-01
1.014492753623188470e-01
6.280193236714975979e-02
6.763285024154588876e-02
4.830917874396135209e-02
1.111111111111111049e-01
1.111111111111111049e-01
1.062801932367149760e-01
1.400966183574879342e-01
1.304347826086956486e-01
1.256038647342995196e-01
1.352657004830917775e-01
1.256038647342995196e-01
1.304347826086956486e-01
9.178743961352657521e-02
8.212560386473430341e-02
8.212560386473430341e-02
8.212560386473430341e-02
7.729468599033816056e-02
6.763285024154588876e-02
7.729468599033816056e-02
7.246376811594203160e-02
5.797101449275362389e-02
9.178743961352657521e-02
8.695652173913043237e-02
6.763285024154588876e-02
8.695652173913043237e-02
8.212560386473430341e-02
5.797101449275362389e-02
8.212560386473430341e-02
7.729468599033816056e-02
5.314009661835748799e-02
7.729468599033816056e-02
7.246376811594203160e-02
4.830917874396135209e-02
7.729468599033816056e-02
7.246376811594203160e-02
4.347826086956521618e-02
7.729468599033816056e-02
7.246376811594203160e-02
4.830917874396135209e-02
7.729468599033816056e-02
6.763285024154588876e-02
4.347826086956521618e-02
7.246376811594203160e-02
6.280193236714975979e-02
3.864734299516908028e-02
7.246376811594203160e-02
6.280193236714975979e-02
4.347826086956521618e-02
8.695652173913043237e-01
8.695652173913043237e-01
9.130434782608695121e-01
7.874396135265701036e-01
7.874396135265701036e-01
7.826086956521739468e-01
3.188405797101449002e-01
3.236714975845410569e-01
2.705314009661835550e-01
2.173913043478260809e-01
2.125603864734299520e-01
1.400966183574879342e-01
2.560386473429951959e-01
2.367149758454106245e-01
1.835748792270531504e-01
2.028985507246376940e-01
1.884057971014492794e-01
1.497584541062801922e-01
1.449275362318840632e-01
1.449275362318840632e-01
9.661835748792270417e-02
1.449275362318840632e-01
1.545893719806763211e-01
1.014492753623188470e-01
1.207729468599033767e-01
1.304347826086956486e-01
7.729468599033816056e-02
1.062801932367149760e-01
9.178743961352657521e-02
4.830917874396135209e-02
1.256038647342995196e-01
1.062801932367149760e-01
6.280193236714975979e-02
1.400966183574879342e-01
1.207729468599033767e-01
8.212560386473430341e-02
1.690821256038647358e-01
1.497584541062801922e-01
1.062801932367149760e-01
1.449275362318840632e-01
1.207729468599033767e-01
8.212560386473430341e-02
1.545893719806763211e-01
1.207729468599033767e-01
9.178743961352657521e-02
9.661835748792270417e-02
8.695652173913043237e-02
5.314009661835748799e-02
2.898550724637681195e-02
4.347826086956521618e-02
1.449275362318840597e-02
4.347826086956521618e-02
4.830917874396135209e-02
3.381642512077294438e-02
5.797101449275362389e-02
4.830917874396135209e-02
4.347826086956521618e-02
5.314009661835748799e-02
5.314009661835748799e-02
4.347826086956521618e-02
5.797101449275362389e-02
6.280193236714975979e-02
5.314009661835748799e-02
6.763285024154588876e-02
6.763285024154588876e-02
5.797101449275362389e-02
5.797101449275362389e-02
5.797101449275362389e-02
4.830917874396135209e-02
6.763285024154588876e-02
6.763285024154588876e-02
5.797101449275362389e-02
7.729468599033816056e-02
7.246376811594203160e-02
5.314009661835748799e-02
7.729468599033816056e-02
7.246376811594203160e-02
5.314009661835748799e-02
6.280193236714975979e-02
5.797101449275362389e-02
3.864734299516908028e-02
6.280193236714975979e-02
5.797101449275362389e-02
3.864734299516908028e-02
6.280193236714975979e-02
5.797101449275362389e-02
3.864734299516908028e-02
6.280193236714975979e-02
5.797101449275362389e-02
3.864734299516908028e-02
5.797101449275362389e-02
5.314009661835748799e-02
3.381642512077294438e-02
6.280193236714975979e-02
5.797101449275362389e-02
3.864734299516908028e-02
8.357487922705314487e-01
8.309178743961352920e-01
8.695652173913043237e-01
8.067632850241546194e-01
8.019323671497584627e-01
8.019323671497584627e-01
4.009661835748792313e-01
3.913043478260869734e-01
3.526570048309178862e-01
2.995169082125603843e-01
2.850241545893719697e-01
2.270531400966183666e-01
2.995169082125603843e-01
2.801932367149758685e-01
2.270531400966183666e-01
2.077294685990338230e-01
1.932367149758454083e-01
1.400966183574879342e-01
1.739130434782608647e-01
1.642512077294686068e-01
1.111111111111111049e-01
1.304347826086956486e-01
1.256038647342995196e-01
7.246376811594203160e-02
1.111111111111111049e-01
1.014492753623188470e-01
4.830917874396135209e-02
1.256038647342995196e-01
1.062801932367149760e-01
5.314009661835748799e-02
1.304347826086956486e-01
1.111111111111111049e-01
6.280193236714975979e-02
1.497584541062801922e-01
1.304347826086956486e-01
7.729468599033816056e-02
1.304347826086956486e-01
1.111111111111111049e-01
5.797101449275362389e-02
1.400966183574879342e-01
1.159420289855072478e-01
6.763285024154588876e-02
1.545893719806763211e-01
1.207729468599033767e-01
8.695652173913043237e-02
6.763285024154588876e-02
5.797101449275362389e-02
2.415458937198067604e-02
2.898550724637681195e-02
4.347826086956521618e-02
1.449275362318840597e-02
3.864734299516908028e-02
4.347826086956521618e-02
2.898550724637681195e-02
4.830917874396135209e-02
3.864734299516908028e-02
2.898550724637681195e-02
4.347826086956521618e-02
4.347826086956521618e-02
3.381642512077294438e-02
4.347826086956521618e-02
4.347826086956521618e-02
3.381642512077294438e-02
4.347826086956521618e-02
4.347826086956521618e-02
3.381642512077294438e-02
4.347826086956521618e-02
4.347826086956521618e-02
3.381642512077294438e-02
5.314009661835748799e-02
5.314009661835748799e-02
4.347826086956521618e-02
5.797101449275362389e-02
5.314009661835748799e-02
3.864734299516908028e-02
6.763285024154588876e-02
6.280193236714975979e-02
4.347826086956521618e-02
6.763285024154588876e-02
6.280193236714975979e-02
4.347826086956521618e-02
6.763285024154588876e-02
6.280193236714975979e-02
4.347826086956521618e-02
6.763285024154588876e-02
6.280193236714975979e-02
4.347826086956521618e-02
6.280193236714975979e-02
5.797101449275362389e-02
3.864734299516908028e-02
5.797101449275362389e-02
4.830917874396135209e-02
2.898550724637681195e-02
5.797101449275362389e-02
5.314009661835748799e-02
3.381642512077294438e-02
7.874396135265701036e-01
7.826086956521739468e-01
7.874396135265701036e-01
6.376811594202898004e-01
6.280193236714975979e-01
6.086956521739130821e-01
4.444444444444444198e-01
4.299516908212560606e-01
3.816425120772946600e-01
3.768115942028985588e-01
3.526570048309178862e-01
2.898550724637681264e-01
3.429951690821256283e-01
3.285024154589372136e-01
2.657004830917874538e-01
2.173913043478260809e-01
2.028985507246376940e-01
1.400966183574879342e-01
2.753623188405797118e-01
2.560386473429951959e-01
1.980676328502415373e-01
2.463768115942029102e-01
2.270531400966183666e-01
1.690821256038647358e-01
2.028985507246376940e-01
1.787439613526569937e-01
1.207729468599033767e-01
1.739130434782608647e-01
1.545893719806763211e-01
9.661835748792270417e-02
1.449275362318840632e-01
1.256038647342995196e-01
7.246376811594203160e-02
1.690821256038647358e-01
1.497584541062801922e-01
9.178743961352657521e-02
1.642512077294686068e-01
1.449275362318840632e-01
8.695652173913043237e-02
1.400966183574879342e-01
1.207729468599033767e-01
6.763285024154588876e-02
1.352657004830917775e-01
1.014492753623188470e-01
7.246376811594203160e-02
5.314009661835748799e-02
4.830917874396135209e-02
1.449275362318840597e-02
2.898550724637681195e-02
3.864734299516908028e-02
9.661835748792270070e-03
3.381642512077294438e-02
3.864734299516908028e-02
2.415458937198067604e-02
3.864734299516908028e-02
2.898550724637681195e-02
2.415458937198067604e-02
3.864734299516908028e-02
3.381642512077294438e-02
2.415458937198067604e-02
3.864734299516908028e-02
3.864734299516908028e-02
2.898550724637681195e-02
3.381642512077294438e-02
3.381642512077294438e-02
2.415458937198067604e-02
3.864734299516908028e-02
3.864734299516908028e-02
2.898550724637681195e-02
4.830917874396135209e-02
4.347826086956521618e-02
3.381642512077294438e-02
5.797101449275362389e-02
5.314009661835748799e-02
3.864734299516908028e-02
6.763285024154588876e-02
6.280193236714975979e-02
4.347826086956521618e-02
6.763285024154588876e-02
6.280193236714975979e-02
4.347826086956521618e-02
6.763285024154588876e-02
6.280193236714975979e-02
4.347826086956521618e-02
6.763285024154588876e-02
6.280193236714975979e-02
4.347826086956521618e-02
5.797101449275362389e-02
5.314009661835748799e-02
3.381642512077294438e-02
5.314009661835748799e-02
4.830917874396135209e-02
2.898550724637681195e-02
5.314009661835748799e-02
4.830917874396135209e-02
2.898550724637681195e-02
5.265700483091787509e-01
5.265700483091787509e-01
4.830917874396135070e-01
3.961352657004830746e-01
3.816425120772946600e-01
3.236714975845410569e-01
4.202898550724637472e-01
4.009661835748792313e-01
3.188405797101449002e-01
3.236714975845410569e-01
2.946859903381642276e-01
2.125603864734299520e-01
3.429951690821256283e-01
3.333333333333333148e-01
2.560386473429951959e-01
2.753623188405797118e-01
2.608695652173912971e-01
1.980676328502415373e-01
4.106280193236714893e-01
3.816425120772946600e-01
3.188405797101449002e-01
3.381642512077294715e-01
2.946859903381642276e-01
2.415458937198067535e-01
2.560386473429951959e-01
2.125603864734299520e-01
1.545893719806763211e-01
2.463768115942029102e-01
2.222222222222222099e-01
1.545893719806763211e-01
1.642512077294686068e-01
1.449275362318840632e-01
7.729468599033816056e-02
1.787439613526569937e-01
1.594202898550724501e-01
9.178743961352657521e-02
1.594202898550724501e-01
1.449275362318840632e-01
7.729468599033816056e-02
9.661835748792270417e-02
7.729468599033816056e-02
1.449275362318840597e-02
1.111111111111111049e-01
7.729468599033816056e-02
4.347826086956521618e-02
5.314009661835748799e-02
4.347826086956521618e-02
9.661835748792270070e-03
2.898550724637681195e-02
3.864734299516908028e-02
9.661835748792270070e-03
3.381642512077294438e-02
3.864734299516908028e-02
2.415458937198067604e-02
4.347826086956521618e-02
3.381642512077294438e-02
2.415458937198067604e-02
4.347826086956521618e-02
3.864734299516908028e-02
2.898550724637681195e-02
4.347826086956521618e-02
4.347826086956521618e-02
3.381642512077294438e-02
3.381642512077294438e-02
3.381642512077294438e-02
2.415458937198067604e-02
3.864734299516908028e-02
3.864734299516908028e-02
2.898550724637681195e-02
4.347826086956521618e-02
4.347826086956521618e-02
3.381642512077294438e-02
5.797101449275362389e-02
5.314009661835748799e-02
3.864734299516908028e-02
6.763285024154588876e-02
6.280193236714975979e-02
4.347826086956521618e-02
7.246376811594203160e-02
6.763285024154588876e-02
4.830917874396135209e-02
6.763285024154588876e-02
6.280193236714975979e-02
4.347826086956521618e-02
6.280193236714975979e-02
5.797101449275362389e-02
3.864734299516908028e-02
5.797101449275362389e-02
5.314009661835748799e-02
3.381642512077294438e-02
5.314009661835748799e-02
4.830917874396135209e-02
2.898550724637681195e-02
4.830917874396135209e-02
4.347826086956521618e-02
2.415458937198067604e-02
3.574879227053139874e-01
3.381642512077294715e-01
2.705314009661835550e-01
2.705314009661835550e-01
2.415458937198067535e-01
1.739130434782608647e-01
4.347826086956521618e-01
4.057971014492753881e-01
3.236714975845410569e-01
3.574879227053139874e-01
3.381642512077294715e-01
2.512077294685990392e-01
3.188405797101449002e-01
3.091787439613526423e-01
2.367149758454106245e-01
2.463768115942029102e-01
2.318840579710144956e-01
1.594202898550724501e-01
4.347826086956521618e-01
4.009661835748792313e-01
3.285024154589372136e-01
3.429951690821256283e-01
2.946859903381642276e-01
2.270531400966183666e-01
2.705314009661835550e-01
2.173913043478260809e-01
1.594202898550724501e-01
1.932367149758454083e-01
1.739130434782608647e-01
1.159420289855072478e-01
1.594202898550724501e-01
1.545893719806763211e-01
9.178743961352657521e-02
2.125603864734299520e-01
1.980676328502415373e-01
1.352657004830917775e-01
1.594202898550724501e-01
1.449275362318840632e-01
7.246376811594203160e-02
9.178743961352657521e-02
6.280193236714975979e-02
0.000000000000000000e+00
8.212560386473430341e-02
5.314009661835748799e-02
2.415458937198067604e-02
4.347826086956521618e-02
3.864734299516908028e-02
9.661835748792270070e-03
2.898550724637681195e-02
3.864734299516908028e-02
1.449275362318840597e-02
3.381642512077294438e-02
3.864734299516908028e-02
2.415458937198067604e-02
3.864734299516908028e-02
3.381642512077294438e-02
2.415458937198067604e-02
4.347826086956521618e-02
4.347826086956521618e-02
3.381642512077294438e-02
4.830917874396135209e-02
4.830917874396135209e-02
3.864734299516908028e-02
3.864734299516908028e-02
3.864734299516908028e-02
2.898550724637681195e-02
3.864734299516908028e-02
3.864734299516908028e-02
2.898550724637681195e-02
4.347826086956521618e-02
4.347826086956521618e-02
3.381642512077294438e-02
5.797101449275362389e-02
5.314009661835748799e-02
3.864734299516908028e-02
6.763285024154588876e-02
6.280193236714975979e-02
4.347826086956521618e-02
7.246376811594203160e-02
6.763285024154588876e-02
4.830917874396135209e-02
6.763285024154588876e-02
6.280193236714975979e-02
4.347826086956521618e-02
5.797101449275362389e-02
5.314009661835748799e-02
3.381642512077294438e-02
5.797101449275362389e-02
5.314009661835748799e-02
3.381642512077294438e-02
5.314009661835748799e-02
4.830917874396135209e-02
2.898550724637681195e-02
5.797101449275362389e-02
5.314009661835748799e-02
3.381642512077294438e-02
2.608695652173912971e-01
2.028985507246376940e-01
1.400966183574879342e-01
2.512077294685990392e-01
1.884057971014492794e-01
1.449275362318840632e-01
4.347826086956521618e-01
3.961352657004830746e-01
3.429951690821256283e-01
4.009661835748792313e-01
3.864734299516908167e-01
3.285024154589372136e-01
2.512077294685990392e-01
2.367149758454106245e-01
1.932367149758454083e-01
3.043478260869565410e-01
2.753623188405797118e-01
2.173913043478260809e-01
3.719806763285024021e-01
3.429951690821256283e-01
2.463768115942029102e-01
3.671497584541063008e-01
3.236714975845410569e-01
2.318840579710144956e-01
2.318840579710144956e-01
1.787439613526569937e-01
1.207729468599033767e-01
1.497584541062801922e-01
1.449275362318840632e-01
1.159420289855072478e-01
1.932367149758454083e-01
1.932367149758454083e-01
1.594202898550724501e-01
1.400966183574879342e-01
1.256038647342995196e-01
7.729468599033816056e-02
1.352657004830917775e-01
1.062801932367149760e-01
4.830917874396135209e-02
1.400966183574879342e-01
1.062801932367149760e-01
5.314009661835748799e-02
7.246376811594203160e-02
6.280193236714975979e-02
3.864734299516908028e-02
3.381642512077294438e-02
3.381642512077294438e-02
1.932367149758454014e-02
3.864734299516908028e-02
3.864734299516908028e-02
2.415458937198067604e-02
3.864734299516908028e-02
3.864734299516908028e-02
2.898550724637681195e-02
3.381642512077294438e-02
3.381642512077294438e-02
2.415458937198067604e-02
4.347826086956521618e-02
4.347826086956521618e-02
3.381642512077294438e-02
5.314009661835748799e-02
5.314009661835748799e-02
4.347826086956521618e-02
3.864734299516908028e-02
3.864734299516908028e-02
2.898550724637681195e-02
3.864734299516908028e-02
3.864734299516908028e-02
2.898550724637681195e-02
3.864734299516908028e-02
3.864734299516908028e-02
2.898550724637681195e-02
5.797101449275362389e-02
5.314009661835748799e-02
3.381642512077294438e-02
7.729468599033816056e-02
7.246376811594203160e-02
5.314009661835748799e-02
7.246376811594203160e-02
6.763285024154588876e-02
4.830917874396135209e-02
6.280193236714975979e-02
5.797101449275362389e-02
3.864734299516908028e-02
5.797101449275362389e-02
5.314009661835748799e-02
3.381642512077294438e-02
5.797101449275362389e-02
5.314009661835748799e-02
3.381642512077294438e-02
5.797101449275362389e-02
5.314009661835748799e-02
3.381642512077294438e-02
6.280193236714975979e-02
5.797101449275362389e-02
3.864734299516908028e-02
1.932367149758454083e-01
1.594202898550724501e-01
1.014492753623188470e-01
2.415458937198067535e-01
1.835748792270531504e-01
1.400966183574879342e-01
3.671497584541063008e-01
3.188405797101449002e-01
2.657004830917874538e-01
3.864734299516908167e-01
3.623188405797101441e-01
3.043478260869565410e-01
2.995169082125603843e-01
2.801932367149758685e-01
2.318840579710144956e-01
3.285024154589372136e-01
2.995169082125603843e-01
2.318840579710144956e-01
3.381642512077294715e-01
3.043478260869565410e-01
2.125603864734299520e-01
3.961352657004830746e-01
3.526570048309178862e-01
2.657004830917874538e-01
1.932367149758454083e-01
1.400966183574879342e-01
7.729468599033816056e-02
1.449275362318840632e-01
1.062801932367149760e-01
5.314009661835748799e-02
1.690821256038647358e-01
1.400966183574879342e-01
8.695652173913043237e-02
1.352657004830917775e-01
1.062801932367149760e-01
4.830917874396135209e-02
1.304347826086956486e-01
1.014492753623188470e-01
4.830917874396135209e-02
1.207729468599033767e-01
9.661835748792270417e-02
4.830917874396135209e-02
5.314009661835748799e-02
4.830917874396135209e-02
2.898550724637681195e-02
3.381642512077294438e-02
3.381642512077294438e-02
2.415458937198067604e-02
4.347826086956521618e-02
4.347826086956521618e-02
3.381642512077294438e-02
3.864734299516908028e-02
3.864734299516908028e-02
2.898550724637681195e-02
3.381642512077294438e-02
3.381642512077294438e-02
2.415458937198067604e-02
4.347826086956521618e-02
4.347826086956521618e-02
3.381642512077294438e-02
4.830917874396135209e-02
4.830917874396135209e-02
3.864734299516908028e-02
3.864734299516908028e-02
3.864734299516908028e-02
2.898550724637681195e-02
3.864734299516908028e-02
3.864734299516908028e-02
2.898550724637681195e-02
3.864734299516908028e-02
3.864734299516908028e-02
2.898550724637681195e-02
5.314009661835748799e-02
4.830917874396135209e-02
2.898550724637681195e-02
9.178743961352657521e-02
8.212560386473430341e-02
6.280193236714975979e-02
8.212560386473430341e-02
7.729468599033816056e-02
5.797101449275362389e-02
5.797101449275362389e-02
5.314009661835748799e-02
3.381642512077294438e-02
5.797101449275362389e-02
5.314009661835748799e-02
3.381642512077294438e-02
5.797101449275362389e-02
5.314009661835748799e-02
3.381642512077294438e-02
5.797101449275362389e-02
5.314009661835748799e-02
3.381642512077294438e-02
5.314009661835748799e-02
4.830917874396135209e-02
2.898550724637681195e-02
1.497584541062801922e-01
1.304347826086956486e-01
7.729468599033816056e-02
2.077294685990338230e-01
1.594202898550724501e-01
8.212560386473430341e-02
2.801932367149758685e-01
2.222222222222222099e-01
1.400966183574879342e-01
3.816425120772946600e-01
3.333333333333333148e-01
2.560386473429951959e-01
4.299516908212560606e-01
4.057971014492753881e-01
3.381642512077294715e-01
4.685990338164251479e-01
4.396135265700483186e-01
3.671497584541063008e-01
3.816425120772946600e-01
3.478260869565217295e-01
2.705314009661835550e-01
2.995169082125603843e-01
2.512077294685990392e-01
1.787439613526569937e-01
1.835748792270531504e-01
1.256038647342995196e-01
5.314009661835748799e-02
1.932367149758454083e-01
1.159420289855072478e-01
2.898550724637681195e-02
2.222222222222222099e-01
1.497584541062801922e-01
6.763285024154588876e-02
2.753623188405797118e-01
2.318840579710144956e-01
1.642512077294686068e-01
1.594202898550724501e-01
1.352657004830917775e-01
9.178743961352657521e-02
7.729468599033816056e-02
6.763285024154588876e-02
3.381642512077294438e-02
3.381642512077294438e-02
3.381642512077294438e-02
1.932367149758454014e-02
3.381642512077294438e-02
3.381642512077294438e-02
2.415458937198067604e-02
4.830917874396135209e-02
4.830917874396135209e-02
3.864734299516908028e-02
4.347826086956521618e-02
4.347826086956521618e-02
3.381642512077294438e-02
4.347826086956521618e-02
4.347826086956521618e-02
3.381642512077294438e-02
4.830917874396135209e-02
4.830917874396135209e-02
3.864734299516908028e-02
4.347826086956521618e-02
4.347826086956521618e-02
3.381642512077294438e-02
3.864734299516908028e-02
3.864734299516908028e-02
2.898550724637681195e-02
3.864734299516908028e-02
3.864734299516908028e-02
2.898550724637681195e-02
3.864734299516908028e-02
3.864734299516908028e-02
2.898550724637681195e-02
4.830917874396135209e-02
4.347826086956521618e-02
2.415458937198067604e-02
7.729468599033816056e-02
7.246376811594203160e-02
5.314009661835748799e-02
8.695652173913043237e-02
8.212560386473430341e-02
6.280193236714975979e-02
6.280193236714975979e-02
5.797101449275362389e-02
3.864734299516908028e-02
4.830917874396135209e-02
4.347826086956521618e-02
2.415458937198067604e-02
5.797101449275362389e-02
5.314009661835748799e-02
3.381642512077294438e-02
5.797101449275362389e-02
5.314009661835748799e-02
3.381642512077294438e-02
5.797101449275362389e-02
5.314009661835748799e-02
3.381642512077294438e-02
1.304347826086956486e-01
8.695652173913043237e-02
4.830917874396135035e-03
1.980676328502415373e-01
1.304347826086956486e-01
1.449275362318840597e-02
2.801932367149758685e-01
2.077294685990338230e-01
9.178743961352657521e-02
3.864734299516908167e-01
3.285024154589372136e-01
2.367149758454106245e-01
4.492753623188405765e-01
4.251207729468599039e-01
3.285024154589372136e-01
5.845410628019324095e-01
5.603864734299517369e-01
4.830917874396135070e-01
5.748792270531400961e-01
5.362318840579710644e-01
4.782608695652174058e-01
2.222222222222222099e-01
1.787439613526569937e-01
1.207729468599033767e-01
3.091787439613526423e-01
2.463768115942029102e-01
1.787439613526569937e-01
3.526570048309178862e-01
2.705314009661835550e-01
1.787439613526569937e-01
3.043478260869565410e-01
2.318840579710144956e-01
1.497584541062801922e-01
2.512077294685990392e-01
2.077294685990338230e-01
1.497584541062801922e-01
1.400966183574879342e-01
1.256038647342995196e-01
8.695652173913043237e-02
6.763285024154588876e-02
6.763285024154588876e-02
4.347826086956521618e-02
4.347826086956521618e-02
4.347826086956521618e-02
2.898550724637681195e-02
3.864734299516908028e-02
3.864734299516908028e-02
2.898550724637681195e-02
4.830917874396135209e-02
4.830917874396135209e-02
3.864734299516908028e-02
4.830917874396135209e-02
4.830917874396135209e-02
3.864734299516908028e-02
5.314009661835748799e-02
5.314009661835748799e-02
4.347826086956521618e-02
5.314009661835748799e-02
5.314009661835748799e-02
4.347826086956521618e-02
3.864734299516908028e-02
3.864734299516908028e-02
2.898550724637681195e-02
3.381642512077294438e-02
3.381642512077294438e-02
2.415458937198067604e-02
3.864734299516908028e-02
3.864734299516908028e-02
2.898550724637681195e-02
3.864734299516908028e-02
3.864734299516908028e-02
2.415458937198067604e-02
4.347826086956521618e-02
4.347826086956521618e-02
2.415458937198067604e-02
6.763285024154588876e-02
6.280193236714975979e-02
4.347826086956521618e-02
8.695652173913043237e-02
8.212560386473430341e-02
6.280193236714975979e-02
6.280193236714975979e-02
5.797101449275362389e-02
3.864734299516908028e-02
5.797101449275362389e-02
5.314009661835748799e-02
3.381642512077294438e-02
6.763285024154588876e-02
6.280193236714975979e-02
4.347826086956521618e-02
6.280193236714975979e-02
5.797101449275362389e-02
3.864734299516908028e-02
5.797101449275362389e-02
5.314009661835748799e-02
3.381642512077294438e-02
2.753623188405797118e-01
1.835748792270531504e-01
5.314009661835748799e-02
3.671497584541063008e-01
2.705314009661835550e-01
1.014492753623188470e-01
4.444444444444444198e-01
3.526570048309178862e-01
2.125603864734299520e-01
4.685990338164251479e-01
4.009661835748792313e-01
3.043478260869565410e-01
4.299516908212560606e-01
4.106280193236714893e-01
2.995169082125603843e-01
4.830917874396135070e-01
4.637681159420289911e-01
3.768115942028985588e-01
6.328502415458937547e-01
5.942028985507246119e-01
5.458937198067632668e-01
3.623188405797101441e-01
3.091787439613526423e-01
2.657004830917874538e-01
4.637681159420289911e-01
4.057971014492753881e-01
3.429951690821256283e-01
4.444444444444444198e-01
3.913043478260869734e-01
3.188405797101449002e-01
2.270531400966183666e-01
1.835748792270531504e-01
1.207729468599033767e-01
1.304347826086956486e-01
1.062801932367149760e-01
5.797101449275362389e-02
1.014492753623188470e-01
9.661835748792270417e-02
5.797101449275362389e-02
7.246376811594203160e-02
7.729468599033816056e-02
5.314009661835748799e-02
4.830917874396135209e-02
4.830917874396135209e-02
3.864734299516908028e-02
4.347826086956521618e-02
4.347826086956521618e-02
3.381642512077294438e-02
4.830917874396135209e-02
4.830917874396135209e-02
3.864734299516908028e-02
4.830917874396135209e-02
4.830917874396135209e-02
3.864734299516908028e-02
4.830917874396135209e-02
4.830917874396135209e-02
3.864734299516908028e-02
4.830917874396135209e-02
4.830917874396135209e-02
3.864734299516908028e-02
4.347826086956521618e-02
4.347826086956521618e-02
3.381642512077294438e-02
3.864734299516908028e-02
3.864734299516908028e-02
3.381642512077294438e-02
4.347826086956521618e-02
4.347826086956521618e-02
3.381642512077294438e-02
4.347826086956521618e-02
4.347826086956521618e-02
3.381642512077294438e-02
4.830917874396135209e-02
4.347826086956521618e-02
2.415458937198067604e-02
6.763285024154588876e-02
6.280193236714975979e-02
4.830917874396135209e-02
9.178743961352657521e-02
8.695652173913043237e-02
6.763285024154588876e-02
6.280193236714975979e-02
5.797101449275362389e-02
3.864734299516908028e-02
6.763285024154588876e-02
6.280193236714975979e-02
4.347826086956521618e-02
8.212560386473430341e-02
7.729468599033816056e-02
5.797101449275362389e-02
6.280193236714975979e-02
5.797101449275362389e-02
3.864734299516908028e-02
5.797101449275362389e-02
5.314009661835748799e-02
3.381642512077294438e-02
4.444444444444444198e-01
3.236714975845410569e-01
1.497584541062801922e-01
4.927536231884058204e-01
3.864734299516908167e-01
2.077294685990338230e-01
5.169082125603864375e-01
4.396135265700483186e-01
2.898550724637681264e-01
3.671497584541063008e-01
3.140096618357487990e-01
2.077294685990338230e-01
2.753623188405797118e-01
2.512077294685990392e-01
1.400966183574879342e-01
2.270531400966183666e-01
1.980676328502415373e-01
1.111111111111111049e-01
3.816425120772946600e-01
3.429951690821256283e-01
2.898550724637681264e-01
4.782608695652174058e-01
4.396135265700483186e-01
3.864734299516908167e-01
3.768115942028985588e-01
3.381642512077294715e-01
2.705314009661835550e-01
2.125603864734299520e-01
1.835748792270531504e-01
1.304347826086956486e-01
8.212560386473430341e-02
6.763285024154588876e-02
1.932367149758454014e-02
8.212560386473430341e-02
7.246376811594203160e-02
3.381642512077294438e-02
7.729468599033816056e-02
7.729468599033816056e-02
4.830917874396135209e-02
6.763285024154588876e-02
6.763285024154588876e-02
4.347826086956521618e-02
5.314009661835748799e-02
5.314009661835748799e-02
4.347826086956521618e-02
4.830917874396135209e-02
4.830917874396135209e-02
3.864734299516908028e-02
4.830917874396135209e-02
4.830917874396135209e-02
3.864734299516908028e-02
4.830917874396135209e-02
4.830917874396135209e-02
3.864734299516908028e-02
4.830917874396135209e-02
4.830917874396135209e-02
3.864734299516908028e-02
4.347826086956521618e-02
4.347826086956521618e-02
3.381642512077294438e-02
5.314009661835748799e-02
5.314009661835748799e-02
3.864734299516908028e-02
4.830917874396135209e-02
5.314009661835748799e-02
3.381642512077294438e-02
4.830917874396135209e-02
4.347826086956521618e-02
2.415458937198067604e-02
5.314009661835748799e-02
4.830917874396135209e-02
2.415458937198067604e-02
5.314009661835748799e-02
5.314009661835748799e-02
2.898550724637681195e-02
5.797101449275362389e-02
5.797101449275362389e-02
3.381642512077294438e-02
8.695652173913043237e-02
8.212560386473430341e-02
5.797101449275362389e-02
6.280193236714975979e-02
5.797101449275362389e-02
3.381642512077294438e-02
6.763285024154588876e-02
6.280193236714975979e-02
4.347826086956521618e-02
8.212560386473430341e-02
8.212560386473430341e-02
5.797101449275362389e-02
6.280193236714975979e-02
5.797101449275362389e-02
3.864734299516908028e-02
5.797101449275362389e-02
5.797101449275362389e-02
3.381642512077294438e-02
4.975845410628019216e-01
3.961352657004830746e-01
2.028985507246376940e-01
5.072463768115942351e-01
4.299516908212560606e-01
2.850241545893719697e-01
4.685990338164251479e-01
4.251207729468599039e-01
2.995169082125603843e-01
3.574879227053139874e-01
3.285024154589372136e-01
2.173913043478260809e-01
2.946859903381642276e-01
2.560386473429951959e-01
1.690821256038647358e-01
2.705314009661835550e-01
2.318840579710144956e-01
1.545893719806763211e-01
3.188405797101449002e-01
2.898550724637681264e-01
2.173913043478260809e-01
3.285024154589372136e-01
3.188405797101449002e-01
2.415458937198067535e-01
1.642512077294686068e-01
1.642512077294686068e-01
8.212560386473430341e-02
7.729468599033816056e-02
7.729468599033816056e-02
1.449275362318840597e-02
5.797101449275362389e-02
5.797101449275362389e-02
9.661835748792270070e-03
5.797101449275362389e-02
5.797101449275362389e-02
2.415458937198067604e-02
6.280193236714975979e-02
5.797101449275362389e-02
3.864734299516908028e-02
5.797101449275362389e-02
5.314009661835748799e-02
3.381642512077294438e-02
5.314009661835748799e-02
5.314009661835748799e-02
4.347826086956521618e-02
4.347826086956521618e-02
4.347826086956521618e-02
3.381642512077294438e-02
3.864734299516908028e-02
3.864734299516908028e-02
2.898550724637681195e-02
4.347826086956521618e-02
4.347826086956521618e-02
3.381642512077294438e-02
4.347826086956521618e-02
4.347826086956521618e-02
3.381642512077294438e-02
4.347826086956521618e-02
4.830917874396135209e-02
2.898550724637681195e-02
4.830917874396135209e-02
5.797101449275362389e-02
3.381642512077294438e-02
6.763285024154588876e-02
6.763285024154588876e-02
3.864734299516908028e-02
5.797101449275362389e-02
5.314009661835748799e-02
1.932367149758454014e-02
5.314009661835748799e-02
4.347826086956521618e-02
9.661835748792270070e-03
4.347826086956521618e-02
4.830917874396135209e-02
1.449275362318840597e-02
4.830917874396135209e-02
5.797101449275362389e-02
2.415458937198067604e-02
6.280193236714975979e-02
6.763285024154588876e-02
3.864734299516908028e-02
4.830917874396135209e-02
5.314009661835748799e-02
2.415458937198067604e-02
5.797101449275362389e-02
6.280193236714975979e-02
3.381642512077294438e-02
7.729468599033816056e-02
8.212560386473430341e-02
6.280193236714975979e-02
5.314009661835748799e-02
5.797101449275362389e-02
3.381642512077294438e-02
5.314009661835748799e-02
5.797101449275362389e-02
2.898550724637681195e-02
5.700483091787439394e-01
4.927536231884058204e-01
3.188405797101449002e-01
4.251207729468599039e-01
3.719806763285024021e-01
2.560386473429951959e-01
2.753623188405797118e-01
2.512077294685990392e-01
1.545893719806763211e-01
2.608695652173912971e-01
2.560386473429951959e-01
1.594202898550724501e-01
2.318840579710144956e-01
2.125603864734299520e-01
1.400966183574879342e-01
1.932367149758454083e-01
1.690821256038647358e-01
1.111111111111111049e-01
1.932367149758454083e-01
1.787439613526569937e-01
1.159420289855072478e-01
1.980676328502415373e-01
2.028985507246376940e-01
1.352657004830917775e-01
1.304347826086956486e-01
1.400966183574879342e-01
6.763285024154588876e-02
6.763285024154588876e-02
7.246376811594203160e-02
1.449275362318840597e-02
7.729468599033816056e-02
7.729468599033816056e-02
2.898550724637681195e-02
6.763285024154588876e-02
6.280193236714975979e-02
3.381642512077294438e-02
5.797101449275362389e-02
5.314009661835748799e-02
2.898550724637681195e-02
4.830917874396135209e-02
4.347826086956521618e-02
2.898550724637681195e-02
4.830917874396135209e-02
4.830917874396135209e-02
3.381642512077294438e-02
4.347826086956521618e-02
4.347826086956521618e-02
3.381642512077294438e-02
3.381642512077294438e-02
3.381642512077294438e-02
2.415458937198067604e-02
3.381642512077294438e-02
3.381642512077294438e-02
2.415458937198067604e-02
3.864734299516908028e-02
3.864734299516908028e-02
2.415458937198067604e-02
5.797101449275362389e-02
5.797101449275362389e-02
3.381642512077294438e-02
4.830917874396135209e-02
5.314009661835748799e-02
2.415458937198067604e-02
6.280193236714975979e-02
6.763285024154588876e-02
4.347826086956521618e-02
6.280193236714975979e-02
7.729468599033816056e-02
5.314009661835748799e-02
5.314009661835748799e-02
6.280193236714975979e-02
4.347826086956521618e-02
5.797101449275362389e-02
6.763285024154588876e-02
4.830917874396135209e-02
4.830917874396135209e-02
5.314009661835748799e-02
3.381642512077294438e-02
4.347826086956521618e-02
5.314009661835748799e-02
3.381642512077294438e-02
3.864734299516908028e-02
4.830917874396135209e-02
2.898550724637681195e-02
5.314009661835748799e-02
5.797101449275362389e-02
4.347826086956521618e-02
8.212560386473430341e-02
8.695652173913043237e-02
8.212560386473430341e-02
5.797101449275362389e-02
6.280193236714975979e-02
5.314009661835748799e-02
5.797101449275362389e-02
6.763285024154588876e-02
3.864734299516908028e-02
5.362318840579710644e-01
4.734299516908212491e-01
3.188405797101449002e-01
2.898550724637681264e-01
2.463768115942029102e-01
1.497584541062801922e-01
1.400966183574879342e-01
1.304347826086956486e-01
4.830917874396135209e-02
1.111111111111111049e-01
1.207729468599033767e-01
4.347826086956521618e-02
1.111111111111111049e-01
1.111111111111111049e-01
5.314009661835748799e-02
9.178743961352657521e-02
8.212560386473430341e-02
3.381642512077294438e-02
1.400966183574879342e-01
1.352657004830917775e-01
8.695652173913043237e-02
1.594202898550724501e-01
1.594202898550724501e-01
1.062801932367149760e-01
1.159420289855072478e-01
1.159420289855072478e-01
6.280193236714975979e-02
6.280193236714975979e-02
6.280193236714975979e-02
9.661835748792270070e-03
8.695652173913043237e-02
8.695652173913043237e-02
3.864734299516908028e-02
7.246376811594203160e-02
6.763285024154588876e-02
3.864734299516908028e-02
4.830917874396135209e-02
4.347826086956521618e-02
2.415458937198067604e-02
4.347826086956521618e-02
4.347826086956521618e-02
2.415458937198067604e-02
4.830917874396135209e-02
4.830917874396135209e-02
3.864734299516908028e-02
5.314009661835748799e-02
5.314009661835748799e-02
4.830917874396135209e-02
4.347826086956521618e-02
4.347826086956521618e-02
3.381642512077294438e-02
3.381642512077294438e-02
3.381642512077294438e-02
2.898550724637681195e-02
4.347826086956521618e-02
4.347826086956521618e-02
2.898550724637681195e-02
6.280193236714975979e-02
5.797101449275362389e-02
2.898550724637681195e-02
4.830917874396135209e-02
4.830917874396135209e-02
1.932367149758454014e-02
4.830917874396135209e-02
5.314009661835748799e-02
2.898550724637681195e-02
6.280193236714975979e-02
7.729468599033816056e-02
5.797101449275362389e-02
5.797101449275362389e-02
7.246376811594203160e-02
5.314009661835748799e-02
8.695652173913043237e-02
7.246376811594203160e-02
6.280193236714975979e-02
8.212560386473430341e-02
6.763285024154588876e-02
5.314009661835748799e-02
7.729468599033816056e-02
6.280193236714975979e-02
4.830917874396135209e-02
6.763285024154588876e-02
5.314009661835748799e-02
3.864734299516908028e-02
5.797101449275362389e-02
4.347826086956521618e-02
3.381642512077294438e-02
7.246376811594203160e-02
5.797101449275362389e-02
4.830917874396135209e-02
6.763285024154588876e-02
5.314009661835748799e-02
3.864734299516908028e-02
7.729468599033816056e-02
6.763285024154588876e-02
3.381642512077294438e-02
4.927536231884058204e-01
4.202898550724637472e-01
2.705314009661835550e-01
2.657004830917874538e-01
2.222222222222222099e-01
1.256038647342995196e-01
1.497584541062801922e-01
1.352657004830917775e-01
5.797101449275362389e-02
9.661835748792270417e-02
9.661835748792270417e-02
2.898550724637681195e-02
9.661835748792270417e-02
9.661835748792270417e-02
3.381642512077294438e-02
1.111111111111111049e-01
9.661835748792270417e-02
4.347826086956521618e-02
1.545893719806763211e-01
1.304347826086956486e-01
8.212560386473430341e-02
1.787439613526569937e-01
1.545893719806763211e-01
1.062801932367149760e-01
1.449275362318840632e-01
1.159420289855072478e-01
6.763285024154588876e-02
1.062801932367149760e-01
9.661835748792270417e-02
4.347826086956521618e-02
7.729468599033816056e-02
7.729468599033816056e-02
2.898550724637681195e-02
7.246376811594203160e-02
6.763285024154588876e-02
3.381642512077294438e-02
4.830917874396135209e-02
4.347826086956521618e-02
1.932367149758454014e-02
4.347826086956521618e-02
3.864734299516908028e-02
1.932367149758454014e-02
5.314009661835748799e-02
4.830917874396135209e-02
3.864734299516908028e-02
6.280193236714975979e-02
6.280193236714975979e-02
5.314009661835748799e-02
4.347826086956521618e-02
4.347826086956521618e-02
3.381642512077294438e-02
3.381642512077294438e-02
3.381642512077294438e-02
2.898550724637681195e-02
5.314009661835748799e-02
5.314009661835748799e-02
3.381642512077294438e-02
6.763285024154588876e-02
5.797101449275362389e-02
2.415458937198067604e-02
6.280193236714975979e-02
4.830917874396135209e-02
4.830917874396135035e-03
7.246376811594203160e-02
5.314009661835748799e-02
1.449275362318840597e-02
8.212560386473430341e-02
6.280193236714975979e-02
1.932367149758454014e-02
9.661835748792270417e-02
7.246376811594203160e-02
2.415458937198067604e-02
1.400966183574879342e-01
9.178743961352657521e-02
4.347826086956521618e-02
1.594202898550724501e-01
1.111111111111111049e-01
5.797101449275362389e-02
1.642512077294686068e-01
1.159420289855072478e-01
6.763285024154588876e-02
1.449275362318840632e-01
9.178743961352657521e-02
4.347826086956521618e-02
1.256038647342995196e-01
7.729468599033816056e-02
2.898550724637681195e-02
1.256038647342995196e-01
7.729468599033816056e-02
2.415458937198067604e-02
1.256038647342995196e-01
7.729468599033816056e-02
1.449275362318840597e-02
1.400966183574879342e-01
9.178743961352657521e-02
1.932367149758454014e-02
4.541062801932367332e-01
3.623188405797101441e-01
2.077294685990338230e-01
2.463768115942029102e-01
1.787439613526569937e-01
8.212560386473430341e-02
1.545893719806763211e-01
1.207729468599033767e-01
4.830917874396135209e-02
1.111111111111111049e-01
9.661835748792270417e-02
2.415458937198067604e-02
9.661835748792270417e-02
8.212560386473430341e-02
9.661835748792270070e-03
1.159420289855072478e-01
8.695652173913043237e-02
2.415458937198067604e-02
1.497584541062801922e-01
1.062801932367149760e-01
4.830917874396135209e-02
1.980676328502415373e-01
1.400966183574879342e-01
8.695652173913043237e-02
1.787439613526569937e-01
1.207729468599033767e-01
6.763285024154588876e-02
1.400966183574879342e-01
1.304347826086956486e-01
8.212560386473430341e-02
8.695652173913043237e-02
9.178743961352657521e-02
4.830917874396135209e-02
5.797101449275362389e-02
5.797101449275362389e-02
2.898550724637681195e-02
4.347826086956521618e-02
4.347826086956521618e-02
2.415458937198067604e-02
4.347826086956521618e-02
3.864734299516908028e-02
2.415458937198067604e-02
3.864734299516908028e-02
3.864734299516908028e-02
2.898550724637681195e-02
4.347826086956521618e-02
4.347826086956521618e-02
3.381642512077294438e-02
3.864734299516908028e-02
3.864734299516908028e-02
3.381642512077294438e-02
3.381642512077294438e-02
3.381642512077294438e-02
2.898550724637681195e-02
4.830917874396135209e-02
4.830917874396135209e-02
3.864734299516908028e-02
5.797101449275362389e-02
5.314009661835748799e-02
2.898550724637681195e-02
6.763285024154588876e-02
4.830917874396135209e-02
4.830917874396135035e-03
1.207729468599033767e-01
7.246376811594203160e-02
4.830917874396135035e-03
1.690821256038647358e-01
9.661835748792270417e-02
9.661835748792270070e-03
2.367149758454106245e-01
1.449275362318840632e-01
4.347826086956521618e-02
2.850241545893719697e-01
1.932367149758454083e-01
8.212560386473430341e-02
2.946859903381642276e-01
2.077294685990338230e-01
9.661835748792270417e-02
3.140096618357487990e-01
2.270531400966183666e-01
1.159420289855072478e-01
3.236714975845410569e-01
2.367149758454106245e-01
1.256038647342995196e-01
3.188405797101449002e-01
2.318840579710144956e-01
1.159420289855072478e-01
3.236714975845410569e-01
2.367149758454106245e-01
1.159420289855072478e-01
3.429951690821256283e-01
2.512077294685990392e-01
1.256038647342995196e-01
3.671497584541063008e-01
2.801932367149758685e-01
1.352657004830917775e-01
4.444444444444444198e-01
3.429951690821256283e-01
1.690821256038647358e-01
3.333333333333333148e-01
2.463768115942029102e-01
1.062801932367149760e-01
2.657004830917874538e-01
1.980676328502415373e-01
7.246376811594203160e-02
2.318840579710144956e-01
1.787439613526569937e-01
4.830917874396135209e-02
2.270531400966183666e-01
1.690821256038647358e-01
5.314009661835748799e-02
2.512077294685990392e-01
1.835748792270531504e-01
7.729468599033816056e-02
2.801932367149758685e-01
2.028985507246376940e-01
1.014492753623188470e-01
3.091787439613526423e-01
2.125603864734299520e-01
1.159420289855072478e-01
2.946859903381642276e-01
2.028985507246376940e-01
1.111111111111111049e-01
2.222222222222222099e-01
1.835748792270531504e-01
9.178743961352657521e-02
1.787439613526569937e-01
1.545893719806763211e-01
6.763285024154588876e-02
1.594202898550724501e-01
1.304347826086956486e-01
5.314009661835748799e-02
1.304347826086956486e-01
1.014492753623188470e-01
4.347826086956521618e-02
1.111111111111111049e-01
7.729468599033816056e-02
3.864734299516908028e-02
1.014492753623188470e-01
6.763285024154588876e-02
3.864734299516908028e-02
8.695652173913043237e-02
5.797101449275362389e-02
2.898550724637681195e-02
8.212560386473430341e-02
5.314009661835748799e-02
2.415458937198067604e-02
8.695652173913043237e-02
5.314009661835748799e-02
2.898550724637681195e-02
1.014492753623188470e-01
6.763285024154588876e-02
3.381642512077294438e-02
1.304347826086956486e-01
8.695652173913043237e-02
1.449275362318840597e-02
2.028985507246376940e-01
1.400966183574879342e-01
4.347826086956521618e-02
3.140096618357487990e-01
2.270531400966183666e-01
1.159420289855072478e-01
3.864734299516908167e-01
2.705314009661835550e-01
1.352657004830917775e-01
4.251207729468599039e-01
2.995169082125603843e-01
1.497584541062801922e-01
4.347826086956521618e-01
3.188405797101449002e-01
1.594202898550724501e-01
4.396135265700483186e-01
3.236714975845410569e-01
1.642512077294686068e-01
4.541062801932367332e-01
3.381642512077294715e-01
1.835748792270531504e-01
4.734299516908212491e-01
3.574879227053139874e-01
2.077294685990338230e-01
4.782608695652174058e-01
3.623188405797101441e-01
2.125603864734299520e-01
4.830917874396135070e-01
3.719806763285024021e-01
2.077294685990338230e-01
4.975845410628019216e-01
3.864734299516908167e-01
2.222222222222222099e-01
5.120772946859903918e-01
4.009661835748792313e-01
2.318840579710144956e-01
4.492753623188405765e-01
3.429951690821256283e-01
1.449275362318840632e-01
4.347826086956521618e-01
3.333333333333333148e-01
1.352657004830917775e-01
4.347826086956521618e-01
3.381642512077294715e-01
1.304347826086956486e-01
4.251207729468599039e-01
3.285024154589372136e-01
1.159420289855072478e-01
4.347826086956521618e-01
3.285024154589372136e-01
1.497584541062801922e-01
4.492753623188405765e-01
3.381642512077294715e-01
1.690821256038647358e-01
4.492753623188405765e-01
3.381642512077294715e-01
1.690821256038647358e-01
4.396135265700483186e-01
3.285024154589372136e-01
1.594202898550724501e-01
4.299516908212560606e-01
3.188405797101449002e-01
1.497584541062801922e-01
3.623188405797101441e-01
2.705314009661835550e-01
1.207729468599033767e-01
3.864734299516908167e-01
3.043478260869565410e-01
1.449275362318840632e-01
3.961352657004830746e-01
3.140096618357487990e-01
1.497584541062801922e-01
3.623188405797101441e-01
2.753623188405797118e-01
1.352657004830917775e-01
3.333333333333333148e-01
2.415458937198067535e-01
1.352657004830917775e-01
3.188405797101449002e-01
2.318840579710144956e-01
1.256038647342995196e-01
3.140096618357487990e-01
2.270531400966183666e-01
1.207729468599033767e-01
3.091787439613526423e-01
2.222222222222222099e-01
1.159420289855072478e-01
3.188405797101449002e-01
2.318840579710144956e-01
1.304347826086956486e-01
3.478260869565217295e-01
2.560386473429951959e-01
1.400966183574879342e-01
3.913043478260869734e-01
2.850241545893719697e-01
1.159420289855072478e-01
4.492753623188405765e-01
3.333333333333333148e-01
1.497584541062801922e-01
4.975845410628019216e-01
3.768115942028985588e-01
1.980676328502415373e-01
5.120772946859903918e-01
3.913043478260869734e-01
2.077294685990338230e-01
5.265700483091787509e-01
4.009661835748792313e-01
2.173913043478260809e-01
5.362318840579710644e-01
4.154589371980676460e-01
2.222222222222222099e-01
5.507246376811594235e-01
4.251207729468599039e-01
2.415458937198067535e-01
5.603864734299517369e-01
4.347826086956521618e-01
2.657004830917874538e-01
5.603864734299517369e-01
4.347826086956521618e-01
2.753623188405797118e-01
5.555555555555555802e-01
4.347826086956521618e-01
2.705314009661835550e-01
5.555555555555555802e-01
4.444444444444444198e-01
2.705314009661835550e-01
5.555555555555555802e-01
4.444444444444444198e-01
2.801932367149758685e-01
5.507246376811594235e-01
4.347826086956521618e-01
2.753623188405797118e-01
4.492753623188405765e-01
3.381642512077294715e-01
1.400966183574879342e-01
4.541062801932367332e-01
3.526570048309178862e-01
1.449275362318840632e-01
4.734299516908212491e-01
3.719806763285024021e-01
1.545893719806763211e-01
4.975845410628019216e-01
3.961352657004830746e-01
1.690821256038647358e-01
5.217391304347825942e-01
4.106280193236714893e-01
2.028985507246376940e-01
5.217391304347825942e-01
4.106280193236714893e-01
2.077294685990338230e-01
5.169082125603864375e-01
4.057971014492753881e-01
2.028985507246376940e-01
5.024154589371980784e-01
3.913043478260869734e-01
1.884057971014492794e-01
4.734299516908212491e-01
3.623188405797101441e-01
1.690821256038647358e-01
4.444444444444444198e-01
3.285024154589372136e-01
1.690821256038647358e-01
5.072463768115942351e-01
3.961352657004830746e-01
2.173913043478260809e-01
4.975845410628019216e-01
3.913043478260869734e-01
1.884057971014492794e-01
5.024154589371980784e-01
3.913043478260869734e-01
2.028985507246376940e-01
5.024154589371980784e-01
3.913043478260869734e-01
2.173913043478260809e-01
5.072463768115942351e-01
4.009661835748792313e-01
2.028985507246376940e-01
5.120772946859903918e-01
4.057971014492753881e-01
1.980676328502415373e-01
5.120772946859903918e-01
4.057971014492753881e-01
2.028985507246376940e-01
5.169082125603864375e-01
4.106280193236714893e-01
2.077294685990338230e-01
5.265700483091787509e-01
4.154589371980676460e-01
2.125603864734299520e-01
5.362318840579710644e-01
4.154589371980676460e-01
2.125603864734299520e-01
5.410628019323671101e-01
4.202898550724637472e-01
2.125603864734299520e-01
5.458937198067632668e-01
4.251207729468599039e-01
2.173913043478260809e-01
5.507246376811594235e-01
4.299516908212560606e-01
2.270531400966183666e-01
5.555555555555555802e-01
4.347826086956521618e-01
2.318840579710144956e-01
5.700483091787439394e-01
4.492753623188405765e-01
2.560386473429951959e-01
5.845410628019324095e-01
4.589371980676328344e-01
2.705314009661835550e-01
5.942028985507246119e-01
4.685990338164251479e-01
2.946859903381642276e-01
5.990338164251207687e-01
4.734299516908212491e-01
3.140096618357487990e-01
6.086956521739130821e-01
4.830917874396135070e-01
3.188405797101449002e-01
6.135265700483091278e-01
4.927536231884058204e-01
3.236714975845410569e-01
6.086956521739130821e-01
4.927536231884058204e-01
3.333333333333333148e-01
6.086956521739130821e-01
4.879227053140096637e-01
3.381642512077294715e-01
4.541062801932367332e-01
3.478260869565217295e-01
1.497584541062801922e-01
4.685990338164251479e-01
3.671497584541063008e-01
1.642512077294686068e-01
5.024154589371980784e-01
4.009661835748792313e-01
1.884057971014492794e-01
5.410628019323671101e-01
4.396135265700483186e-01
2.125603864734299520e-01
5.603864734299517369e-01
4.541062801932367332e-01
2.367149758454106245e-01
5.652173913043477826e-01
4.541062801932367332e-01
2.415458937198067535e-01
5.555555555555555802e-01
4.444444444444444198e-01
2.318840579710144956e-01
5.410628019323671101e-01
4.299516908212560606e-01
2.173913043478260809e-01
4.975845410628019216e-01
3.816425120772946600e-01
1.787439613526569937e-01
5.217391304347825942e-01
3.864734299516908167e-01
2.222222222222222099e-01
5.458937198067632668e-01
4.106280193236714893e-01
2.270531400966183666e-01
5.265700483091787509e-01
3.961352657004830746e-01
1.739130434782608647e-01
5.314009661835749077e-01
4.057971014492753881e-01
1.787439613526569937e-01
5.458937198067632668e-01
4.154589371980676460e-01
2.028985507246376940e-01
5.555555555555555802e-01
4.251207729468599039e-01
2.077294685990338230e-01
5.603864734299517369e-01
4.347826086956521618e-01
2.125603864734299520e-01
5.652173913043477826e-01
4.347826086956521618e-01
2.173913043478260809e-01
5.652173913043477826e-01
4.396135265700483186e-01
2.173913043478260809e-01
5.652173913043477826e-01
4.347826086956521618e-01
2.173913043478260809e-01
5.603864734299517369e-01
4.299516908212560606e-01
2.173913043478260809e-01
5.652173913043477826e-01
4.347826086956521618e-01
2.173913043478260809e-01
5.748792270531400961e-01
4.444444444444444198e-01
2.318840579710144956e-01
5.845410628019324095e-01
4.492753623188405765e-01
2.367149758454106245e-01
5.845410628019324095e-01
4.541062801932367332e-01
2.463768115942029102e-01
5.845410628019324095e-01
4.637681159420289911e-01
2.705314009661835550e-01
5.942028985507246119e-01
4.734299516908212491e-01
2.850241545893719697e-01
6.038647342995169254e-01
4.782608695652174058e-01
3.091787439613526423e-01
6.135265700483091278e-01
4.879227053140096637e-01
3.285024154589372136e-01
6.231884057971014412e-01
4.975845410628019216e-01
3.381642512077294715e-01
6.376811594202898004e-01
5.120772946859903918e-01
3.429951690821256283e-01
6.376811594202898004e-01
5.072463768115942351e-01
3.526570048309178862e-01
6.425120772946859571e-01
5.072463768115942351e-01
3.623188405797101441e-01
