0.102729864418507
0.091873556375504
-0.030179506167769
-0.064952395856380
-0.053605396300554
-0.058971945196390
0.008445279672742
0.155631780624390
-0.158744275569916
0.071480944752693
0.052768718451262
0.002986129838973
-0.121139653027058
-0.107232697308064
-0.099951267242432
-0.064847089350224
0.036848258227110
0.023568540811539
0.106859154999256
0.141400501132011
0.064151264727116
-0.039181113243103
-0.016579892486334
0.139589160680771
-0.084501117467880
0.050826210528612
-0.029622120782733
0.051468592137098
0.057884041219950
-0.088700354099274
-0.003429438453168
-0.029165351763368
0.047559510916471
0.017014617100358
0.016842888668180
0.099197641015053
-0.019086247310042
0.027257265523076
-0.078104324638844
-0.013711062259972
0.030843785032630
0.077688738703728
0.103969402611256
0.105556838214397
0.175684437155724
0.055825177580118
0.069224894046783
-0.036217223852873
-0.153492614626884
-0.119135536253452
-0.087036393582821
-0.091056302189827
-0.075461983680725
0.002068171510473
0.091417431831360
-0.194826081395149
0.012439940124750
0.008476357907057
-0.148543626070023
-0.014744023792446
-0.120174154639244
-0.072106830775738
0.041959926486015
0.009031279943883
-0.154457017779350
0.062490470707417
-0.069332577288151
-0.091481454670429
0.054437648504972
0.099042378365993
-0.126645207405090
0.126253202557564
-0.049764797091484
-0.014672334305942
0.050645336508751
-0.094000265002251
-0.216505646705627
0.046284157782793
-0.033412728458643
0.038712296634912
0.049848750233650
0.077626653015614
0.116283230483532
-0.066846482455730
0.046756587922573
-0.109631486237049
-0.015216881409287
0.067171983420849
-0.016506876796484
-0.035031799226999
0.118392027914524
-0.014709305018187
0.043870981782675
0.145350188016891
0.042720600962639
0.008188843727112
-0.076904781162739
-0.087912902235985
-0.037164669483900
0.071382321417332
0.048615176230669
0.002476758556440
0.027563916519284
-0.141461774706841
-0.131855741143227
-0.042307317256927
-0.060890108346939
-0.085741557180882
-0.055056128650904
0.032846361398697
-0.051854327321053
0.058032691478729
0.066984489560127
0.014720289967954
0.029645221307874
-0.094913765788078
-0.076429419219494
-0.046288523823023
-0.105609543621540
0.008706152439117
0.097245223820210
0.124908030033112
0.136961817741394
0.174713715910912
-0.004657707177103
-0.101271972060204
0.080225944519043
-0.077208794653416
0.056187085807323
-0.103491537272930
0.011122360825539
0.027577564120293
-0.048804715275764
-0.084987960755825
-0.074080266058445
0.006503632757813
0.014403191395104
-0.096708603203297
-0.121344976127148
-0.058401267975569
-0.104997657239437
-0.123148530721664
-0.101686142385006
-0.005838731303811
-0.072287000715733
-0.129056364297867
0.016501234844327
0.035886835306883
0.088180392980576
0.066382341086864
0.146569639444351
-0.001014706678689
-0.007381353061646
0.088965401053429
0.013964405283332
0.020075654610991
-0.074360571801662
0.027230856940150
-0.007722916081548
0.110973283648491
-0.027159959077835
0.101952612400055
0.032897591590881
-0.156141534447670
-0.042539879679680
-0.122069545090199
-0.051196612417698
0.141021192073822
0.149669140577316
-0.018019245937467
0.097502768039703
-0.121338203549385
-0.105559043586254
0.137129411101341
-0.141256630420685
-0.051214613020420
0.107565678656101
0.193622708320618
-0.040881361812353
0.122877046465874
-0.004248904995620
-0.211030825972557
0.000855398830026
-0.069735139608383
-0.002560986205935
0.115193046629429
0.021740388125181
0.181889116764069
0.085033416748047
0.099982239305973
0.067151896655560
0.071552984416485
0.134364902973175
0.162802785634995
-0.021348986774683
0.073922447860241
0.006680430378765
0.003789727576077
-0.060830350965261
-0.049797546118498
-0.178167596459389
-0.016993824392557
0.080931507050991
-0.024751394987106
-0.029126651585102
-0.023862153291702
-0.124001525342464
-0.016824197024107
-0.192483171820641
0.050601042807102
-0.110488049685955
-0.003538579447195
-0.020811939612031
-0.066621102392673
-0.125202953815460
0.007140037603676
0.056313425302505
-0.008894213475287
0.046893119812012
-0.096516132354736
-0.093787550926208
-0.001726522226818
-0.158720180392265
-0.061930920928717
-0.034480851143599
0.053776778280735
0.110443592071533
0.062343515455723
-0.005834125448018
-0.050405930727720
0.084938839077950
-0.192293986678123
-0.054310813546181
-0.077893860638142
0.077354945242405
0.149129211902618
0.111080683767796
-0.169092565774918
0.142887726426125
0.122117623686790
-0.073873490095139
-0.087113641202450
0.120989099144936
-0.096583917737007
-0.044933307915926
0.148264378309250
-0.068774059414864
0.169570192694664
0.121431224048138
-0.095791183412075
-0.077085763216019
0.088119179010391
-0.061081316322088
-0.038903586566448
-0.006435340736061
-0.088319852948189
0.086796745657921
-0.128500819206238
-0.074767418205738
-0.155209124088287
-0.023296685889363
-0.174584552645683
0.128507643938065
0.093047171831131
-0.017497815191746
0.160100176930428
0.014330187812448
0.097970351576805
0.060000844299793
0.067416191101074
0.029278280213475
-0.072730183601379
0.067889168858528
0.011754554696381
0.088653974235058
-0.049781814217567
0.096670188009739
0.166676878929138
-0.064473636448383
-0.128229483962059
-0.037985403090715
-0.000743927026633
0.041392192244530
0.080211766064167
0.062171038240194
0.055875245481730
0.028608020395041
-0.101723060011864
0.005405742675066
-0.141692444682121
-0.115765370428562
0.096859350800514
-0.062640309333801
-0.009332136251032
-0.009539456106722
-0.020482869818807
0.027224557474256
0.006920868996531
0.026832403615117
-0.014995018951595
-0.134964272379875
-0.050543334335089
0.063343673944473
-0.121059954166412
-0.027650484815240
0.066818498075008
-0.093969181180000
0.113495670258999
-0.115455389022827
-0.062534712255001
-0.123921550810337
0.080246508121490
0.049969661980867
-0.107635483145714
-0.142535328865051
0.080845117568970
0.140916109085083
-0.007324188482016
0.147357344627380
0.153635621070862
-0.036357734352350
-0.003757670987397
0.130517318844795
0.155320942401886
-0.120206810534000
-0.020409628748894
0.036164253950119
-0.099375084042549
0.013751205988228
0.091739937663078
-0.193872690200806
0.078708767890930
0.078672312200069
0.061672631651163
0.122676081955433
0.155449345707893
0.052871089428663
-0.101025380194187
0.147935152053833
0.055223941802979
-0.001176592893898
-0.017473855987191
-0.177282691001892
0.028685754165053
0.000829942524433
-0.119905404746532
0.003690516576171
0.075519189238548
-0.042057607322931
-0.026607524603605
-0.056864678859711
0.066600680351257
-0.002245436888188
-0.078993178904057
0.008757770061493
0.029053941369057
-0.061147741973400
0.057712320238352
-0.017728619277477
-0.101901605725288
0.055844493210316
-0.040919706225395
0.070947505533695
0.030432347208261
0.041114378720522
-0.138691380620003
-0.083302289247513
-0.079275459051132
-0.194900378584862
-0.013771184720099
-0.028883349150419
0.165125042200089
0.021282084286213
0.114916607737541
0.033100098371506
0.070971630513668
0.147347062826157
-0.032253533601761
-0.018902733922005
-0.150223791599274
0.021192749962211
-0.003699449822307
-0.026904188096523
-0.050488688051701
0.055896818637848
0.003682047594339
0.126093253493309
0.074119433760643
-0.067534603178501
0.014441570267081
0.132428303360939
0.081644147634506
-0.025995083153248
0.119706347584724
-0.014098301529884
0.162679344415665
-0.052838530391455
-0.127929702401161
-0.101329974830151
0.008783743716776
0.034788642078638
-0.076671458780766
-0.179590597748756
-0.020426480099559
0.093206554651260
0.023810144513845
0.136154070496559
-0.075657092034817
-0.043747112154961
-0.009056312963367
0.092364929616451
0.052255839109421
-0.039500806480646
0.057770702987909
-0.134376853704453
-0.043922692537308
-0.006181979551911
-0.035251051187515
-0.062839969992638
0.163738921284676
-0.045929957181215
0.022429449483752
0.028310449793935
-0.132230192422867
-0.164724424481392
-0.041050318628550
-0.091574363410473
0.060862854123116
-0.024626178666949
-0.051367551088333
0.064358606934547
0.031368073076010
0.095977067947388
0.053409256041050
0.106061950325966
0.119990967214108
0.088665157556534
-0.073176488280296
0.007540217135102
0.116589672863483
-0.080631904304028
0.016450025141239
0.055039655417204
-0.052894294261932
-0.018025429919362
-0.024968670681119
-0.115917086601257
-0.010847095400095
-0.148500040173531
-0.136620864272118
-0.014339882880449
0.011501553468406
-0.102006956934929
0.162718579173088
0.033877488225698
-0.096836484968662
0.126370936632156
-0.027626598253846
0.022763336077332
0.165892064571381
0.056640505790710
0.150369629263878
0.111680820584297
0.090503782033920
0.085250563919544
-0.013244716450572
-0.125625580549240
-0.044284991919994
-0.075139060616493
-0.007117861881852
-0.076366953551769
-0.157698869705200
-0.151269868016243
-0.072283931076527
-0.063324570655823
-0.061835501343012
-0.060093481093645
0.058524809777737
-0.007604831364006
-0.087337784469128
0.114510796964169
0.086759157478809
0.054605983197689
0.084900669753551
0.072664894163609
-0.099345549941063
0.078335985541344
0.023445164784789
0.028024967759848
0.025375593453646
-0.084343984723091
-0.127259135246277
-0.077086508274078
-0.073638908565044
0.121040791273117
0.265961050987244
0.029631175100803
-0.179493337869644
0.119826585054398
-0.112050667405128
-0.046926945447922
-0.011274010874331
-0.026119505986571
0.136854916810989
0.207247644662857
-0.072310052812099
-0.026007570326328
0.024440007284284
0.032499417662621
-0.017230773344636
-0.037768155336380
-0.038840275257826
-0.037601914256811
0.064882323145866
-0.145549699664116
0.043526481837034
-0.085215345025063
0.018865644931793
0.128303080797195
-0.046079870313406
0.134163305163383
0.174116045236588
-0.151811346411705
-0.226452276110649
0.020406430587173
0.037029091268778
-0.006525678560138
-0.010762096382678
-0.042413778603077
0.103124201297760
0.018989231437445
-0.125394225120544
-0.058208692818880
-0.099207028746605
0.008465154096484
0.119838021695614
0.042624555528164
0.081824906170368
0.204607307910919
-0.048170682042837
-0.034896720200777
-0.041230689734221
-0.048249512910843
-0.065146304666996
-0.110186845064163
0.056398618966341
-0.156160503625870
0.003200404345989
-0.095947638154030
-0.050918921828270
0.095939777791500
0.027519294992089
-0.090894736349583
0.005562782753259
0.061728663742542
-0.097640126943588
0.148369669914246
0.036388166248798
0.076012037694454
0.160230830311775
0.134440869092941
-0.042309705168009
-0.077432401478291
0.136157751083374
0.033967807888985
-0.076493382453918
0.011219620704651
0.018023543059826
-0.089670985937119
0.107699260115623
-0.017689043655992
0.008934764191508
0.086247034370899
-0.082608804106712
-0.039477124810219
-0.052298963069916
-0.069748237729073
-0.163568705320358
0.073259145021439
0.031886026263237
-0.015323173254728
-0.046266585588455
-0.065342091023922
-0.088665410876274
0.066287368535995
0.022636465728283
0.092694453895092
0.069478325545788
0.130004882812500
-0.062725588679314
-0.066404446959496
-0.061385616660118
0.024441406130791
0.096206277608871
0.033839799463749
-0.054625160992146
0.051580063998699
0.113150298595428
-0.079170748591423
-0.014941338449717
-0.106801055371761
-0.005049316212535
-0.112451106309891
0.039049886167049
0.087317422032356
-0.063848182559013
-0.001551162102260
0.071738176047802
-0.072098523378372
0.105961434543133
0.015636751428246
-0.165682181715965
-0.017758816480637
0.032620150595903
0.032066669315100
0.022919217124581
0.038742437958717
-0.070270352065563
0.046378385275602
0.054933615028858
-0.064808674156666
0.099333137273788
0.117885276675224
-0.093742027878761
0.040985949337482
-0.096994966268539
-0.045152142643929
-0.134734719991684
-0.040621351450682
0.179411068558693
0.222373917698860
0.132659032940865
0.077439852058887
0.060706544667482
-0.131880134344101
-0.043579105287790
-0.158414006233215
0.005082324612886
0.101402185857296
0.196007385849953
0.057185299694538
-0.092332705855370
0.181167036294937
-0.067507945001125
-0.085719116032124
-0.151244178414345
-0.034901108592749
0.056396722793579
0.027341846376657
-0.100535973906517
-0.089524500072002
0.134198322892189
0.062161572277546
-0.110507652163506
0.084651634097099
0.114037282764912
0.012319364584982
-0.065059937536716
-0.049969479441643
-0.078240975737572
-0.027252683416009
-0.061043705791235
0.067766442894936
0.078978575766087
-0.005937106441706
0.043287646025419
-0.069320239126682
-0.119666613638401
-0.091347888112068
0.097495898604393
-0.010902118869126
0.033205956220627
0.068581372499466
0.105521917343140
0.112449847161770
-0.041494723409414
0.087523676455021
0.041594460606575
-0.012937498278916
-0.029993483796716
0.100710742175579
-0.020314186811447
-0.200262442231178
-0.111636944115162
-0.025364967063069
-0.087348766624928
-0.001089530647732
-0.098390750586987
0.049396898597479
0.067069619894028
0.010274435393512
-0.205556809902191
-0.148233368992805
-0.104034543037415
-0.119006194174290
-0.162120804190636
-0.110118627548218
-0.012284287251532
-0.038307990878820
-0.119703754782677
-0.102673724293709
-0.054507885128260
-0.004623158369213
-0.160963907837868
-0.024759029969573
-0.018392486497760
-0.190630033612251
-0.145455598831177
0.026130571961403
-0.064156934618950
-0.010203540325165
0.150612726807594
0.056635797023773
-0.031388968229294
-0.009579312056303
0.069062285125256
-0.045608535408974
0.034739371389151
-0.046045187860727
-0.024890353903174
0.032802060246468
0.050666373223066
-0.103334918618202
0.116976194083691
0.098119206726551
0.060279447585344
0.103826843202114
0.084383189678192
0.009746104478836
-0.100163288414478
-0.063562028110027
-0.169157907366753
-0.167577207088470
0.021969664841890
0.005888687446713
-0.077775210142136
0.028870191425085
0.053235113620758
-0.034679301083088
0.012182625010610
0.120654545724392
-0.018282214179635
0.166031405329704
0.068479970097542
0.008283196017146
0.035432584583759
-0.066489137709141
-0.145544245839119
0.013348475098610
-0.020351769402623
0.024102225899696
0.029140733182430
0.067651659250259
-0.028989311307669
-0.125247627496719
0.046382203698158
0.020959148183465
0.044200882315636
0.034678690135479
-0.074774086475372
-0.094361804425716
-0.126305252313614
-0.045083317905664
0.120752938091755
0.070145554840565
0.026314165443182
0.003072995226830
0.074144169688225
-0.105470977723598
-0.110498674213886
-0.170596301555634
0.005140580236912
0.160794839262962
-0.005661005154252
0.042327817529440
0.001093238824978
0.093250602483749
-0.060997407883406
-0.161033108830452
-0.074399463832378
0.128031000494957
0.090944021940231
-0.049672354012728
-0.031244754791260
-0.109341517090797
-0.048238858580589
0.032666303217411
-0.147045150399208
-0.161326453089714
0.032074529677629
-0.085673749446869
-0.039054945111275
-0.098051510751247
0.169655188918114
0.011394853703678
-0.049769200384617
-0.001129261450842
0.029743820428848
0.137623652815819
0.076095402240753
0.107841320335865
0.087102688848972
0.155297607183456
0.060697659850121
-0.048596527427435
0.016223648563027
0.088976949453354
-0.077451422810555
-0.066829651594162
0.018754810094833
-0.052471615374088
-0.018579922616482
0.012785404920578
-0.180336222052574
-0.036216024309397
0.162474989891052
-0.014318855479360
0.052906770259142
0.052158508449793
0.075840160250664
-0.057256452739239
-0.036326769739389
-0.092272005975246
-0.020865384489298
0.003525629639626
-0.072746358811855
0.001949063967913
-0.025184208527207
-0.008301147259772
0.046750076115131
0.169001147150993
0.006693962961435
-0.034986156970263
0.089770913124084
-0.118120096623898
0.020425790920854
0.071485459804535
-0.019502718001604
-0.121942237019539
0.076670646667480
-0.020142119377851
-0.001821295823902
-0.051044140011072
-0.001498263678513
-0.041959770023823
-0.110865317285061
-0.043309755623341
0.023435750976205
-0.031376168131828
-0.067885071039200
-0.078236475586891
-0.054559011012316
-0.056839589029551
-0.013173940591514
-0.051404111087322
-0.055160775780678
-0.112369254231453
-0.068932339549065
-0.054815459996462
-0.090190730988979
0.065129615366459
0.066499195992947
0.040225826203823
0.122295282781124
