-1.684942692518234253e-01
1.239053308963775635e-01
-8.833719789981842041e-02
1.217639669775962830e-01
-1.241429299116134644e-01
-1.697210371494293213e-01
-1.187443640083074570e-02
-1.293180286884307861e-01
3.608968574553728104e-03
-2.735972590744495392e-02
6.711256504058837891e-02
1.995078474283218384e-01
-2.906584441661834717e-01
6.132464855909347534e-02
2.504538185894489288e-02
1.918702910188585520e-04
6.904902402311563492e-03
-9.593934565782546997e-02
1.864380836486816406e-01
5.606997385621070862e-02
1.126578673720359802e-01
1.436377018690109253e-01
-1.218627840280532837e-01
-1.554272770881652832e-01
-1.475518196821212769e-01
-1.449794769287109375e-01
8.858349174261093140e-02
1.887959092855453491e-01
1.461901068687438965e-01
1.203598603606224060e-01
-1.888400763273239136e-01
-9.225089848041534424e-02
-1.145419105887413025e-01
-6.196466460824012756e-02
1.159759387373924255e-01
-1.983848810195922852e-01
1.348337233066558838e-01
-4.679556563496589661e-02
1.398726552724838257e-01
5.449605733156204224e-02
-1.357271820306777954e-01
1.415491849184036255e-01
-1.444438546895980835e-01
-7.475806865841150284e-03
1.211328506469726562e-01
-1.200109273195266724e-01
7.934752851724624634e-02
4.548239335417747498e-02
9.588368982076644897e-02
3.437225520610809326e-02
-6.781229376792907715e-02
9.673202037811279297e-02
1.807630062103271484e-01
-1.023101359605789185e-01
-8.578544855117797852e-02
-1.035225912928581238e-01
-3.643878176808357239e-02
-1.569833904504776001e-01
1.065380945801734924e-01
7.022703438997268677e-02
1.760093308985233307e-02
-2.499220333993434906e-02
3.932996466755867004e-02
1.098979562520980835e-01
9.797729551792144775e-02
-5.896500125527381897e-02
1.225356012582778931e-01
4.821961745619773865e-02
-2.773209474980831146e-02
-1.146786436438560486e-01
-1.608215570449829102e-01
-1.232325732707977295e-01
9.665022790431976318e-02
-7.768105715513229370e-02
7.054657489061355591e-02
-1.050661429762840271e-01
-3.121044300496578217e-02
-1.828531771898269653e-01
-5.211824178695678711e-02
-6.180465966463088989e-02
6.216457858681678772e-02
-1.576975733041763306e-01
-1.697209924459457397e-01
5.154423043131828308e-02
-1.292954534292221069e-01
1.610735207796096802e-01
-5.244525521993637085e-02
9.073815494775772095e-02
1.762483716011047363e-01
-1.737546622753143311e-01
-2.193330079317092896e-01
-1.655433028936386108e-01
-1.582510769367218018e-01
-5.128633975982666016e-02
-1.285527483560144901e-03
2.149913311004638672e-01
2.616161480545997620e-02
1.674440950155258179e-01
9.989785403013229370e-02
-2.810255587100982666e-01
1.206236779689788818e-01
-1.214943826198577881e-01
2.667698562145233154e-01
1.516063511371612549e-01
-7.698460668325424194e-02
-9.001898020505905151e-02
2.113244086503982544e-01
4.360719770193099976e-02
2.433052510023117065e-01
-1.382005810737609863e-01
1.352148056030273438e-01
7.218490540981292725e-02
8.459600061178207397e-02
1.883703023195266724e-01
1.607287079095840454e-01
7.276736199855804443e-02
-1.858884841203689575e-02
-2.672320976853370667e-02
1.040821522474288940e-01
6.686976552009582520e-02
5.582272633910179138e-02
-1.493689417839050293e-01
-2.951435558497905731e-02
1.400380283594131470e-01
3.166100755333900452e-02
-1.210100576281547546e-01
-5.977649986743927002e-02
-1.933327615261077881e-01
-2.291188202798366547e-02
6.988862063735723495e-03
1.220619753003120422e-01
1.683184057474136353e-01
-1.370434314012527466e-01
9.996419399976730347e-02
2.413729578256607056e-01
1.831216854043304920e-03
3.873009979724884033e-02
9.890927374362945557e-02
-2.059976160526275635e-01
2.216801792383193970e-02
-1.803456246852874756e-01
-1.063602715730667114e-01
1.759664267301559448e-01
2.867221087217330933e-02
-1.432316601276397705e-01
6.249307096004486084e-02
-1.641387641429901123e-01
5.739831551909446716e-02
-1.790706515312194824e-01
-1.260953694581985474e-01
-1.405631098896265030e-02
8.881690353155136108e-02
7.610508706420660019e-03
1.378350853919982910e-01
9.156475961208343506e-02
7.929951697587966919e-02
-4.970960319042205811e-02
1.117349043488502502e-01
1.327330619096755981e-01
7.402696460485458374e-02
-1.026184856891632080e-01
2.279245704412460327e-01
-1.480489820241928101e-01
3.044046834111213684e-02
9.460844099521636963e-02
-1.658191531896591187e-01
7.616632431745529175e-02
2.101342231035232544e-01
-1.236362457275390625e-01
-1.824254393577575684e-01
8.869959414005279541e-02
-1.202753707766532898e-01
-2.051471024751663208e-01
5.575352162122726440e-02
-1.180692985653877258e-01
4.355656914412975311e-03
-2.602522075176239014e-01
2.477754056453704834e-01
-1.647771447896957397e-01
1.977814286947250366e-01
-1.049988493323326111e-01
-4.887846484780311584e-02
-5.999683868139982224e-03
-8.005320280790328979e-02
-1.552580595016479492e-01
1.333143264055252075e-01
-8.855931460857391357e-02
-1.848294734954833984e-01
1.092904433608055115e-01
-1.351341754198074341e-01
6.186271458864212036e-02
1.259063780307769775e-01
-1.230778992176055908e-01
1.308059990406036377e-01
-1.442317813634872437e-01
-3.505561500787734985e-02
9.454775601625442505e-02
1.198712214827537537e-01
6.915558874607086182e-02
-7.240014523267745972e-02
5.299528315663337708e-02
1.462534964084625244e-01
-7.283327728509902954e-02
-1.595513820648193359e-01
1.088214367628097534e-01
1.374118681997060776e-02
2.018014043569564819e-01
4.605641216039657593e-02
8.235368877649307251e-03
-1.019614040851593018e-01
-3.770833835005760193e-02
-1.044091284275054932e-01
8.381167054176330566e-02
-5.559259653091430664e-02
1.124174892902374268e-01
1.205759472213685513e-03
-4.431646689772605896e-02
1.024486944079399109e-01
-1.864640712738037109e-01
5.803616344928741455e-02
-8.541823178529739380e-02
5.284059792757034302e-02
-2.180107980966567993e-01
-8.755446225404739380e-02
-2.134208530187606812e-01
1.222344636917114258e-01
2.858189642429351807e-01
-8.335407078266143799e-02
-1.184673905372619629e-01
-1.718694269657135010e-01
1.320158094167709351e-01
-1.571161150932312012e-01
-8.147598057985305786e-02
-5.585690215229988098e-02
-1.027580648660659790e-01
6.906288117170333862e-02
9.821466356515884399e-02
-8.720055967569351196e-02
6.943372637033462524e-02
7.740542292594909668e-02
-6.080589815974235535e-02
2.934633940458297729e-02
-1.603386849164962769e-01
4.448027815669775009e-03
-2.162349596619606018e-02
8.645076304674148560e-02
3.038176521658897400e-02
-6.108035892248153687e-02
2.292542718350887299e-02
3.401279821991920471e-02
1.056032106280326843e-01
5.402345210313796997e-02
-5.593875050544738770e-02
9.917148947715759277e-02
-9.600597620010375977e-02
-1.689316183328628540e-01
-2.118133753538131714e-01
-9.423832595348358154e-02
-8.048325031995773315e-02
1.063567250967025757e-01
-3.618766367435455322e-02
1.180144846439361572e-01
1.029062718152999878e-01
2.065577208995819092e-01
-3.385457675904035568e-04
1.994054019451141357e-01
-1.659092009067535400e-01
-1.596432477235794067e-01
1.531683653593063354e-01
-1.079754084348678589e-01
-1.457259953022003174e-01
1.963261812925338745e-01
8.896099030971527100e-02
1.020370945334434509e-01
-8.435381203889846802e-02
7.501876354217529297e-02
1.054507419466972351e-01
-6.162358820438385010e-02
1.090109255164861679e-02
-1.365125626325607300e-01
-7.097704708576202393e-02
2.755816327407956123e-03
1.048608273267745972e-01
-2.985643967986106873e-02
-8.551533520221710205e-02
1.303829848766326904e-01
-1.226990222930908203e-01
6.950368732213973999e-02
1.003679335117340088e-01
-8.079607784748077393e-02
-6.692558526992797852e-02
-5.515325069427490234e-02
-1.051592919975519180e-02
1.739403903484344482e-01
-7.604504376649856567e-02
4.072480276226997375e-02
1.503702551126480103e-01
1.401805132627487183e-01
1.855866312980651855e-01
-7.537197321653366089e-02
1.964589655399322510e-01
9.955574758350849152e-03
2.358007989823818207e-02
-1.596306711435317993e-01
-1.116975471377372742e-01
1.868982315063476562e-01
-2.848932445049285889e-01
-1.167654842138290405e-01
1.353663951158523560e-01
3.774959966540336609e-02
-1.279773861169815063e-01
-1.436613649129867554e-01
2.022934406995773315e-01
-6.943748891353607178e-02
-1.089523434638977051e-01
8.695236593484878540e-02
3.080781176686286926e-02
-2.628710269927978516e-01
5.950047075748443604e-02
-1.050665900111198425e-01
-1.325923856347799301e-02
1.655931472778320312e-01
-1.499686241149902344e-01
1.216382905840873718e-01
1.609119027853012085e-01
1.140169054269790649e-01
1.550466269254684448e-01
-1.382369361817836761e-02
-5.907013267278671265e-02
1.148497760295867920e-01
1.920973062515258789e-01
-1.447834968566894531e-01
1.281629055738449097e-01
-1.732351183891296387e-01
3.664981946349143982e-02
6.133358925580978394e-02
-7.732007652521133423e-02
-2.028975933790206909e-01
-1.824926882982254028e-01
1.527543663978576660e-01
-1.306056976318359375e-01
-1.451871693134307861e-01
-1.819117069244384766e-01
-1.026290468871593475e-02
1.118225827813148499e-01
9.755753725767135620e-02
1.701706349849700928e-01
1.367060691118240356e-01
-2.828093171119689941e-01
1.291061788797378540e-01
-1.494522020220756531e-02
1.647243052721023560e-01
4.051627963781356812e-02
-3.367036208510398865e-02
5.333924293518066406e-02
3.078099340200424194e-02
-1.376670897006988525e-01
-1.492566019296646118e-01
1.656547188758850098e-01
-2.045446634292602539e-01
1.833594590425491333e-01
1.886841803789138794e-01
6.519971042871475220e-02
-1.783195436000823975e-01
1.982762366533279419e-01
5.234217271208763123e-02
1.052333042025566101e-01
-1.859719455242156982e-01
5.858336016535758972e-02
-1.141218468546867371e-01
-5.149102210998535156e-02
-2.538430094718933105e-01
-1.701412498950958252e-01
2.174005359411239624e-01
1.101206466555595398e-01
-8.659323304891586304e-02
-3.546983003616333008e-02
4.614155273884534836e-03
-1.744552105665206909e-01
-2.762316167354583740e-01
1.897639781236648560e-02
1.686646193265914917e-01
1.014635860919952393e-01
1.284558475017547607e-01
1.180596649646759033e-01
6.533911824226379395e-02
1.750924438238143921e-01
1.672517359256744385e-01
6.182904541492462158e-02
-2.149600237607955933e-01
1.058326363563537598e-01
-5.212041735649108887e-02
-1.611855924129486084e-01
1.055687740445137024e-01
2.029827833175659180e-01
1.698223799467086792e-01
-1.118928715586662292e-01
1.733589470386505127e-01
-3.758731856942176819e-02
9.402201324701309204e-02
1.269091367721557617e-01
1.703515052795410156e-01
1.750712096691131592e-01
-2.123530954122543335e-01
2.275006324052810669e-01
3.205811232328414917e-02
-9.319455362856388092e-03
-1.546041667461395264e-01
2.112070322036743164e-01
-1.065907850861549377e-01
-1.945073604583740234e-01
1.597773730754852295e-01
-1.142626628279685974e-01
1.288718283176422119e-01
-3.299223259091377258e-02
-1.427699923515319824e-01
-9.674937278032302856e-02
-1.193541660904884338e-01
1.539670526981353760e-01
-1.571309715509414673e-01
-1.768095642328262329e-01
-4.177301749587059021e-02
1.468182634562253952e-02
8.452841639518737793e-02
8.113615214824676514e-02
1.200259253382682800e-01
-8.867825567722320557e-02
-2.136107385158538818e-01
1.099562570452690125e-01
-2.550291270017623901e-02
-2.865293323993682861e-01
-1.202915310859680176e-01
-2.120706140995025635e-01
7.085113972425460815e-02
1.302580088376998901e-01
-3.922535851597785950e-02
-1.125473380088806152e-01
-1.110954657196998596e-01
2.552798986434936523e-01
1.030490025877952576e-01
-1.409550756216049194e-01
2.075889334082603455e-02
-2.335155615583062172e-03
1.747208684682846069e-01
-1.340141445398330688e-01
-2.616574428975582123e-02
-1.617984026670455933e-01
1.109538301825523376e-01
-2.551346123218536377e-01
-3.387060761451721191e-02
1.954762637615203857e-02
1.496495902538299561e-01
-8.775778859853744507e-02
-8.519818075001239777e-03
-2.002438157796859741e-01
-1.326308101415634155e-01
-1.412142515182495117e-01
-1.994348615407943726e-01
8.055686950683593750e-02
-1.749164462089538574e-01
-2.591910213232040405e-02
-3.034453094005584717e-02
9.082669764757156372e-02
1.446337699890136719e-01
-8.358472585678100586e-02
-1.655269041657447815e-02
-1.224808245897293091e-01
1.500098407268524170e-01
2.018719762563705444e-01
-4.744173586368560791e-02
-1.226185727864503860e-02
-2.076480537652969360e-01
-1.824508905410766602e-01
-1.710309237241744995e-01
-1.901013404130935669e-02
-6.221232935786247253e-02
1.057332828640937805e-01
-3.781309351325035095e-02
-3.539588302373886108e-02
-1.209049224853515625e-01
1.434390842914581299e-01
9.532072395086288452e-02
1.020488068461418152e-01
-5.895362794399261475e-02
1.068427041172981262e-02
-6.777389440685510635e-03
-1.720778346061706543e-01
2.006872296333312988e-01
6.757092475891113281e-02
-3.886082768440246582e-02
-4.348604381084442139e-02
8.056386560201644897e-02
-2.218809910118579865e-02
1.621810719370841980e-02
4.857418686151504517e-02
8.731556683778762817e-02
-1.501501649618148804e-01
3.890895843505859375e-02
-2.121970355510711670e-01
-6.179860234260559082e-02
-1.001254320144653320e-01
2.137910723686218262e-01
-9.051981568336486816e-02
3.179822489619255066e-02
-1.128383576869964600e-01
1.266117691993713379e-01
4.815484397113323212e-03
7.162975519895553589e-02
1.507583409547805786e-01
-4.564591869711875916e-02
-3.469800949096679688e-02
-8.156645298004150391e-02
-1.752053499221801758e-01
-9.952108561992645264e-02
-1.589886248111724854e-01
-1.231491714715957642e-01
-9.500941814621910453e-05
-1.413851082324981689e-01
-1.778675988316535950e-02
4.493053257465362549e-02
-2.648164704442024231e-02
-1.506637483835220337e-01
-5.598605796694755554e-02
-1.343853324651718140e-01
-1.111670956015586853e-01
-5.730228498578071594e-03
9.018227458000183105e-02
1.045211181044578552e-01
1.508692800998687744e-01
1.332303602248430252e-02
2.153945118188858032e-01
2.057488113641738892e-01
-1.245499923825263977e-01
-3.401099145412445068e-02
-2.125589400529861450e-01
2.756940424442291260e-01
2.389250248670578003e-01
-1.350900977849960327e-01
-8.773713558912277222e-02
-1.864648759365081787e-01
6.385402753949165344e-03
3.815612941980361938e-02
-3.658429533243179321e-02
1.411277204751968384e-01
1.287783682346343994e-01
1.863270998001098633e-02
-1.739975959062576294e-01
1.613659262657165527e-01
-8.873463608324527740e-03
2.274085581302642822e-02
1.465757787227630615e-01
1.748946607112884521e-01
-6.439748406410217285e-02
-1.409644819796085358e-02
1.366252601146697998e-01
5.177485942840576172e-02
-1.256212890148162842e-01
6.995365023612976074e-03
1.073628962039947510e-01
-2.010329216718673706e-01
-1.481649428606033325e-01
-9.062113612890243530e-02
2.086699604988098145e-01
1.721435040235519409e-01
1.607024818658828735e-01
1.209446564316749573e-01
3.355693444609642029e-02
-1.766588985919952393e-01
-1.049018278717994690e-01
-1.423776298761367798e-01
2.076725810766220093e-01
1.578544527292251587e-01
-1.881604939699172974e-01
1.920977681875228882e-01
9.068280458450317383e-02
-2.679472230374813080e-02
1.772774010896682739e-01
-1.308093369007110596e-01
-1.575532406568527222e-01
2.393252961337566376e-02
-6.130007654428482056e-02
-5.387163162231445312e-02
-4.731332417577505112e-03
5.550323054194450378e-02
9.099917486310005188e-03
-1.457220464944839478e-01
2.109149098396301270e-02
1.473395377397537231e-01
-3.945932537317276001e-02
-1.828139871358871460e-01
1.249360218644142151e-01
8.116666227579116821e-02
1.251628547906875610e-01
-1.095854341983795166e-01
1.335252225399017334e-01
2.034488618373870850e-01
-2.730104625225067139e-01
-4.239446669816970825e-02
1.789669096469879150e-01
-6.520315259695053101e-02
-4.890849813818931580e-02
-6.156982481479644775e-02
5.386574938893318176e-02
-2.439524382352828979e-01
1.205316931009292603e-01
-3.403413593769073486e-01
4.557665064930915833e-02
-1.387121379375457764e-01
-1.162474229931831360e-02
-5.290971696376800537e-02
-1.819692254066467285e-01
9.847227483987808228e-02
1.563851139508187771e-03
1.876318901777267456e-01
-5.540593527257442474e-03
-1.600604802370071411e-01
-4.299503564834594727e-02
5.709432065486907959e-02
1.828616559505462646e-01
-1.227622106671333313e-01
1.407439708709716797e-01
1.844917535781860352e-01
1.888505518436431885e-01
-1.761644929647445679e-01
1.912572681903839111e-01
1.725469231605529785e-01
1.865186691284179688e-01
1.332769393920898438e-01
1.238220110535621643e-01
4.524852335453033447e-02
-2.844043374061584473e-01
5.539641156792640686e-02
-4.586744681000709534e-02
-1.820504814386367798e-01
-3.591718971729278564e-01
-1.121497154235839844e-01
-8.544018864631652832e-02
-3.988941907882690430e-01
-1.491005718708038330e-01
-3.686816617846488953e-02
1.715616136789321899e-01
6.077366694808006287e-02
1.628286689519882202e-01
-1.972154974937438965e-01
-2.036324590444564819e-01
1.288574784994125366e-01
-1.994251906871795654e-01
-5.599093157798051834e-03
1.611233502626419067e-01
1.133886203169822693e-01
6.016650050878524780e-02
-1.100268363952636719e-01
1.065862625837326050e-01
1.704841554164886475e-01
1.426077634096145630e-01
8.551180362701416016e-02
5.561239272356033325e-02
-6.676828116178512573e-02
-3.288163244724273682e-01
-3.383004069328308105e-01
-9.739535301923751831e-02
3.601782023906707764e-02
1.004739627242088318e-01
8.823482692241668701e-02
5.484819784760475159e-02
-2.662172727286815643e-02
8.524545282125473022e-02
-1.428367942571640015e-01
1.338278651237487793e-01
1.722045540809631348e-01
2.728975191712379456e-02
-5.725992470979690552e-02
8.154852315783500671e-03
-1.417111512273550034e-02
-1.818907111883163452e-01
-9.853994101285934448e-02
4.544249549508094788e-02
1.347799897193908691e-01
7.482098042964935303e-02
-7.058136910200119019e-02
-1.703892648220062256e-01
3.322525694966316223e-02
6.549508869647979736e-02
-3.495871648192405701e-02
1.991443894803524017e-02
1.678315736353397369e-02
8.378519117832183838e-02
1.383161544799804688e-01
8.913301676511764526e-02
-2.064627408981323242e-01
5.678257718682289124e-02
-1.250708196312189102e-02
-1.729916334152221680e-01
-1.929803937673568726e-01
1.112270355224609375e-01
-7.861959747970104218e-03
8.418045006692409515e-03
3.116866350173950195e-01
-7.112659513950347900e-02
7.463745027780532837e-02
1.789747923612594604e-02
-9.303229302167892456e-02
-5.385095253586769104e-02
-1.921814829111099243e-01
1.003699377179145813e-01
-6.435133516788482666e-02
-3.726631402969360352e-02
-1.529623419046401978e-01
-1.949376910924911499e-01
-9.788230061531066895e-03
-6.122812628746032715e-02
1.220336705446243286e-01
2.143580652773380280e-02
-1.358789652585983276e-01
-1.658188402652740479e-01
1.242528334259986877e-01
-1.768570095300674438e-01
2.028063088655471802e-01
1.871776729822158813e-01
-1.828172942623496056e-03
1.362697184085845947e-01
5.166982114315032959e-02
-5.232827737927436829e-02
-1.954913437366485596e-01
1.326872706413269043e-01
-1.857971996068954468e-01
1.085682138800621033e-01
-2.981767803430557251e-02
-6.150439381599426270e-02
1.308417320251464844e-01
-1.765842288732528687e-01
1.215038970112800598e-01
1.683351993560791016e-01
2.049934118986129761e-01
-1.226660422980785370e-02
2.179856300354003906e-01
2.350204139947891235e-01
-1.322309076786041260e-01
-7.160876411944627762e-03
1.761242300271987915e-01
2.743183448910713196e-02
1.657087951898574829e-01
-1.789710074663162231e-01
3.596210107207298279e-02
-2.179457247257232666e-02
1.770701259374618530e-01
-1.433902233839035034e-02
8.891374617815017700e-02
3.397505730390548706e-02
5.859014391899108887e-02
-9.063036739826202393e-02
2.459791898727416992e-01
1.651014238595962524e-01
-1.550443470478057861e-01
1.391678452491760254e-01
1.449507325887680054e-01
-5.817019939422607422e-02
1.389522701501846313e-01
1.112821325659751892e-01
6.741628982126712799e-03
-1.249838322401046753e-01
-2.145535349845886230e-01
4.255327209830284119e-02
2.952032908797264099e-02
2.253831028938293457e-01
-1.366123855113983154e-01
-1.058337911963462830e-01
2.102712094783782959e-01
-2.302912324666976929e-01
4.905944317579269409e-02
1.074853762984275818e-01
7.273434847593307495e-02
-3.754248470067977905e-02
5.062567535787820816e-03
1.262212842702865601e-01
5.246672034263610840e-02
1.402918808162212372e-02
-1.518899947404861450e-01
-1.363424062728881836e-01
-1.240752860903739929e-01
-3.059386461973190308e-02
-8.922228962182998657e-02
-1.774896830320358276e-01
-1.554356515407562256e-01
-2.637272141873836517e-02
-8.250986784696578979e-02
1.009235233068466187e-01
1.687669605016708374e-01
2.587913721799850464e-02
9.808066487312316895e-02
1.876737028360366821e-01
-1.823830604553222656e-02
2.203566431999206543e-01
-1.772979348897933960e-01
2.028247341513633728e-02
-3.979765251278877258e-02
-1.390378177165985107e-01
1.537920832633972168e-01
6.297081708908081055e-02
-2.798416316509246826e-01
-1.468054354190826416e-01
-4.338752478361129761e-02
3.276823088526725769e-03
9.247477352619171143e-02
7.875663228332996368e-03
4.119911789894104004e-02
-4.270787537097930908e-02
-2.305018156766891479e-01
-3.270556405186653137e-02
2.017361074686050415e-01
1.320989876985549927e-01
2.575610205531120300e-02
8.492214977741241455e-02
-1.941936463117599487e-02
1.270823478698730469e-01
1.395245343446731567e-01
-4.120497032999992371e-02
-1.790482848882675171e-01
1.347768753767013550e-01
7.140354812145233154e-02
-2.583821117877960205e-01
-2.041943520307540894e-01
-1.775169931352138519e-02
-8.319434523582458496e-02
-8.402536809444427490e-02
-1.602858006954193115e-01
2.027147710323333740e-01
-2.489821761846542358e-01
-1.555951982736587524e-01
-9.216517955064773560e-02
8.561317808926105499e-03
-1.272773444652557373e-01
1.707935631275177002e-01
1.062885075807571411e-01
1.531077623367309570e-01
-5.667497962713241577e-02
-1.126559302210807800e-01
3.989195451140403748e-02
-2.579417265951633453e-02
7.438298314809799194e-02
1.750135570764541626e-01
5.571538209915161133e-02
-1.081643030047416687e-01
-1.363614350557327271e-01
1.170788332819938660e-01
-7.139883190393447876e-02
1.045057922601699829e-01
-7.452253252267837524e-02
1.853578537702560425e-01
9.469496458768844604e-02
-8.125405758619308472e-02
8.254157006740570068e-02
9.865007549524307251e-02
-6.747514754533767700e-02
1.340881884098052979e-01
-3.112841844558715820e-01
1.868322640657424927e-01
-2.529753744602203369e-01
1.789800226688385010e-01
-1.159480214118957520e-01
1.679134517908096313e-01
1.976761594414710999e-02
-8.893503993749618530e-02
-9.767553210258483887e-02
2.815723419189453125e-01
-1.610629111528396606e-01
-2.333582937717437744e-01
-3.169202804565429688e-02
-1.251067072153091431e-01
-1.219008713960647583e-01
1.831174939870834351e-01
1.504661887884140015e-01
-4.840907081961631775e-02
-1.400683820247650146e-01
1.889473944902420044e-01
-1.877187043428421021e-01
3.727446496486663818e-02
-5.609506368637084961e-02
1.377260237932205200e-01
1.345764398574829102e-01
-8.776302635669708252e-02
-9.017219394445419312e-02
1.307603567838668823e-01
8.862011134624481201e-02
4.154244810342788696e-02
-4.457453265786170959e-03
1.792353987693786621e-01
4.479306191205978394e-02
-1.385784614831209183e-02
1.647748635150492191e-03
1.495342403650283813e-01
1.095180660486221313e-01
1.831567585468292236e-01
-2.597632110118865967e-01
9.847722202539443970e-02
-2.848969995975494385e-01
7.264234125614166260e-03
1.362335532903671265e-01
4.214369133114814758e-02
7.876855880022048950e-02
2.899702191352844238e-01
-7.142940536141395569e-03
2.465494722127914429e-02
-8.092884905636310577e-03
3.927193954586982727e-02
4.405600577592849731e-02
1.816073507070541382e-01
1.254499554634094238e-01
-2.004615366458892822e-01
2.891083434224128723e-02
1.950081735849380493e-01
-1.160541176795959473e-01
2.022019028663635254e-01
1.249655112624168396e-01
-1.873120814561843872e-01
-4.628282412886619568e-02
1.268961131572723389e-01
1.458725631237030029e-01
2.142688445746898651e-02
-3.916653804481029510e-03
-7.798596471548080444e-02
1.446197479963302612e-01
-1.066700741648674011e-01
-5.305794626474380493e-02
1.438070982694625854e-01
-5.656926706433296204e-02
-6.463488936424255371e-02
-6.109273433685302734e-02
-1.353495568037033081e-01
1.017848700284957886e-01
6.740082800388336182e-02
2.250741980969905853e-02
-4.050289839506149292e-02
6.603909283876419067e-02
-1.405248641967773438e-01
6.388464570045471191e-02
7.581174373626708984e-02
-7.285462319850921631e-02
8.748783916234970093e-02
3.210834041237831116e-02
2.472386509180068970e-02
-1.687184125185012817e-01
-5.584230646491050720e-02
1.452686041593551636e-01
-1.534087061882019043e-01
-6.829258054494857788e-02
9.047939442098140717e-03
-5.900707095861434937e-02
1.113089174032211304e-01
4.462726064957678318e-04
-1.013106927275657654e-01
1.106778979301452637e-01
1.226745694875717163e-01
1.259662657976150513e-01
-2.665368914604187012e-01
9.743927419185638428e-02
-1.845604777336120605e-01
2.011144608259201050e-01
6.860180199146270752e-02
2.391485422849655151e-01
-1.621001809835433960e-01
2.202430814504623413e-01
-7.654488831758499146e-02
-9.750016778707504272e-02
-1.704906076192855835e-01
-2.088119834661483765e-01
-1.339040100574493408e-01
-5.173525214195251465e-02
-1.216629371047019958e-01
1.106555387377738953e-01
-7.062365114688873291e-02
-2.673629485070705414e-02
1.130364239215850830e-01
-1.547010689973831177e-01
-4.050405323505401611e-02
7.608915865421295166e-02
4.772591590881347656e-02
1.996006220579147339e-01
1.743571758270263672e-01
-2.065235227346420288e-01
-7.647357881069183350e-02
-2.528380602598190308e-02
-2.003489732742309570e-01
-5.745063349604606628e-02
-1.536180526018142700e-01
8.522415161132812500e-02
-1.628891229629516602e-01
1.889058761298656464e-02
7.050196174532175064e-03
-6.335502117872238159e-02
1.499684602022171021e-01
-1.212880015373229980e-01
1.297820508480072021e-01
-1.424486488103866577e-01
4.585008323192596436e-02
8.480975776910781860e-02
1.343042254447937012e-01
-1.098559200763702393e-01
-4.476438835263252258e-02
-1.472164392471313477e-01
1.222180351614952087e-01
5.014366470277309418e-04
4.474055767059326172e-02
-4.317179694771766663e-02
1.599430143833160400e-01
-1.278949528932571411e-01
-1.210783645510673523e-01
1.109408587217330933e-01
5.030385032296180725e-02
-7.358853518962860107e-02
-2.017084360122680664e-01
-1.527313143014907837e-01
1.829315125942230225e-01
-2.643485553562641144e-02
-1.223583444952964783e-01
-1.305501013994216919e-01
1.739920824766159058e-01
-6.279139220714569092e-02
-2.092090398073196411e-01
-4.268204327672719955e-03
1.262881457805633545e-01
1.498384475708007812e-01
1.097065433859825134e-01
6.638856977224349976e-02
-7.151671499013900757e-02
2.028852552175521851e-01
1.651648283004760742e-01
-2.398813702166080475e-02
9.991219639778137207e-02
-9.365128725767135620e-02
-7.770254462957382202e-02
-2.748545818030834198e-02
1.150120496749877930e-01
1.569215208292007446e-01
1.575953960418701172e-01
-8.551124483346939087e-02
-9.389043599367141724e-02
-2.667028270661830902e-02
4.853726550936698914e-02
6.216831132769584656e-02
1.690923124551773071e-01
-8.885637670755386353e-02
-3.700789809226989746e-02
8.895926177501678467e-02
-1.798382699489593506e-01
-1.730940863490104675e-02
1.081143915653228760e-01
-2.514426112174987793e-01
1.109587103128433228e-01
4.158098716288805008e-03
-2.164166048169136047e-02
1.737186461687088013e-01
1.118008047342300415e-01
-2.099959999322891235e-01
-2.204732224345207214e-02
-1.660295575857162476e-01
1.221289113163948059e-02
1.015258282423019409e-01
-1.093694642186164856e-01
1.781281083822250366e-01
-2.282640933990478516e-01
-5.653446540236473083e-02
-8.592107892036437988e-02
3.992235660552978516e-02
1.894657686352729797e-02
2.485033273696899414e-01
1.232479214668273926e-01
1.546334028244018555e-01
7.245211303234100342e-02
1.283761858940124512e-01
-1.384830102324485779e-02
5.132774263620376587e-02
2.044629454612731934e-01
-5.031108111143112183e-02
2.242095768451690674e-01
8.636531233787536621e-02
-1.910760812461376190e-02
2.075947374105453491e-01
-2.971521615982055664e-01
-3.898214083164930344e-03
6.481659412384033203e-02
1.230390965938568115e-01
-2.028775662183761597e-01
-1.142249405384063721e-01
-5.852774158120155334e-02
5.799425393342971802e-02
7.851329445838928223e-02
-1.230389252305030823e-01
1.144024208188056946e-01
4.707767441868782043e-02
-1.275048404932022095e-01
5.011178180575370789e-02
-2.415422946214675903e-01
-7.647540420293807983e-02
-3.522179275751113892e-02
-4.467295110225677490e-02
1.302161514759063721e-01
-1.233183741569519043e-01
9.024298191070556641e-02
1.990330815315246582e-01
-8.409105986356735229e-02
-1.145859248936176300e-02
1.809758394956588745e-01
9.290925227105617523e-03
1.348257213830947876e-01
-1.448669433593750000e-01
-2.386610023677349091e-02
-8.746992051601409912e-02
-4.379721730947494507e-02
-7.043287903070449829e-02
5.420303344726562500e-02
-7.682708092033863068e-03
-3.255400061607360840e-02
9.055363386869430542e-02
-1.716921180486679077e-01
1.919451728463172913e-02
-1.401944607496261597e-01
-3.143627254758030176e-04
1.778221428394317627e-01
1.755773276090621948e-01
-3.434917656704783440e-03
8.056885749101638794e-02
-9.336884319782257080e-02
-3.623736277222633362e-02
-1.474073529243469238e-01
3.597319871187210083e-02
-1.154416054487228394e-01
6.050663813948631287e-02
1.122610867023468018e-01
9.353046119213104248e-02
2.639646455645561218e-02
-1.928282380104064941e-01
-4.139433428645133972e-02
-4.191753268241882324e-02
9.029201418161392212e-02
-3.465576842427253723e-02
-6.741838902235031128e-02
2.191242203116416931e-02
9.889699518680572510e-03
1.330023258924484253e-01
7.196922600269317627e-02
2.174647450447082520e-01
-8.015220612287521362e-02
1.054654344916343689e-01
4.490910843014717102e-02
4.754334688186645508e-02
-1.312562148086726665e-03
-1.967795044183731079e-01
8.473333716392517090e-02
2.465353906154632568e-01
2.981474064290523529e-02
-2.249924689531326294e-01
1.008899733424186707e-01
8.253774046897888184e-02
-1.299643665552139282e-01
-2.320957481861114502e-01
-1.937958598136901855e-01
1.386040449142456055e-01
1.570183485746383667e-01
1.659080535173416138e-01
-5.596499517560005188e-02
3.143076226115226746e-02
-2.185048460960388184e-01
1.608159542083740234e-01
-1.985036134719848633e-01
-2.360324263572692871e-01
-2.545707821846008301e-01
-1.725102812051773071e-01
1.154438182711601257e-01
-9.428226947784423828e-02
-1.903240531682968140e-01
-1.921947002410888672e-01
2.080778358504176140e-03
-1.329383254051208496e-01
1.980319917201995850e-01
-1.492068767547607422e-01
-4.856155067682266235e-02
-1.426462829113006592e-02
4.051547124981880188e-02
-5.551097542047500610e-02
-6.403713673353195190e-02
-1.129629835486412048e-01
5.517953261733055115e-02
1.523309350013732910e-01
9.368668496608734131e-02
2.114413082599639893e-01
-2.613457851111888885e-02
1.228921767324209213e-02
2.509904839098453522e-02
1.438934239558875561e-03
-7.670517545193433762e-03
1.519343256950378418e-01
1.240453869104385376e-01
2.070043385028839111e-01
1.524247676134109497e-01
1.468308717012405396e-01
3.941827267408370972e-02
-3.119081025943160057e-03
1.916135847568511963e-01
-1.633584946393966675e-01
-6.801775842905044556e-02
-8.340066671371459961e-02
-1.325979530811309814e-01
1.609859913587570190e-01
1.574614495038986206e-01
-1.332631111145019531e-01
5.416456609964370728e-02
9.945240616798400879e-02
-1.061186939477920532e-01
-1.084782066754996777e-03
9.791751950979232788e-02
2.269759178161621094e-01
4.050875455141067505e-02
-8.089652657508850098e-02
-6.533885002136230469e-02
-9.839520603418350220e-02
2.524413466453552246e-01
-6.550953537225723267e-02
-3.842639923095703125e-02
-2.186183035373687744e-01
-3.548271209001541138e-02
7.478953897953033447e-02
1.695213317871093750e-01
-4.414836317300796509e-02
-2.954332828521728516e-01
6.754111498594284058e-02
-1.500703692436218262e-01
-1.327869743108749390e-01
-3.395486474037170410e-01
7.806335389614105225e-02
6.998009234666824341e-02
-1.775326579809188843e-01
-7.223698496818542480e-02
-1.228988841176033020e-01
1.605635285377502441e-01
-1.119666174054145813e-01
6.900924444198608398e-02
-1.604093313217163086e-01
-6.536604464054107666e-02
-1.334033999592065811e-02
1.246484220027923584e-01
-9.840954095125198364e-02
1.460374891757965088e-01
-1.910608410835266113e-01
-1.164102032780647278e-01
-8.664883673191070557e-02
-9.653230756521224976e-02
-9.100320190191268921e-02
1.814101263880729675e-02
3.167398646473884583e-02
1.074579730629920959e-01
1.437524408102035522e-01
-2.108895629644393921e-01
-1.664125323295593262e-01
2.019191384315490723e-01
-4.114382341504096985e-02
1.540573686361312866e-01
-5.454760789871215820e-02
1.681407094001770020e-01
-2.191035300493240356e-01
1.614244580268859863e-01
-1.070573925971984863e-01
2.107033878564834595e-01
1.922370493412017822e-02
-1.704940944910049438e-01
-1.940934658050537109e-01
6.671561300754547119e-02
6.074777990579605103e-02
7.838850468397140503e-02
-1.850995719432830811e-01
-4.754280298948287964e-02
6.590277701616287231e-02
1.634956002235412598e-01
-5.086976289749145508e-02
2.200276404619216919e-02
-1.896170675754547119e-01
-8.289411664009094238e-03
7.576138526201248169e-02
-1.071254611015319824e-01
1.455327570438385010e-01
