-0.168494269251823
0.067112565040588
0.112657867372036
-0.188840076327324
-0.135727182030678
-0.067812293767929
0.017600933089852
-0.160821557044983
0.062164578586817
-0.219333007931709
0.120623677968979
0.135214805603027
0.055822726339102
0.122061975300312
-0.180345624685287
-0.014056310988963
-0.102618485689163
0.088699594140053
-0.104998849332333
0.061862714588642
0.052995283156633
-0.037708338350058
-0.085418231785297
0.132015809416771
-0.060805898159742
0.105603210628033
-0.036187663674355
-0.145725995302200
-0.070977047085762
-0.066925585269928
0.196458965539932
-0.127977386116982
-0.013259238563478
0.192097306251526
-0.130605697631836
-0.014945220202208
0.183359459042549
-0.051491022109985
0.018976397812366
0.105832636356354
0.126909136772156
-0.194507360458374
-0.176809564232826
-0.286529332399368
-0.140955075621605
0.019547626376152
-0.025919102132320
-0.012261857278645
0.143439084291458
-0.043486043810844
-0.100125432014465
-0.034698009490967
-0.026481647044420
0.215394511818886
0.006385402753949
0.146575778722763
-0.148164942860603
0.207672581076622
-0.061300076544285
0.124936021864414
-0.048908498138189
-0.181969225406647
0.140743970870972
-0.284404337406158
0.171561613678932
0.060166500508785
-0.097395353019238
0.027289751917124
-0.170389264822006
0.056782577186823
0.017897479236126
-0.061228126287460
0.136269718408585
-0.176584228873253
0.027431834489107
-0.090630367398262
-0.124983832240105
0.107485376298428
-0.030593864619732
0.187673702836037
-0.146805435419083
0.132098987698555
-0.258382111787796
0.008561317808926
0.175013557076454
-0.081254057586193
0.167913451790810
0.183117493987083
-0.087763026356697
0.149534240365028
0.289970219135284
0.195008173584938
-0.077985964715481
0.067400828003883
0.024723865091801
-0.101310692727566
-0.162100180983543
-0.070623651146889
-0.076473578810692
0.149968460202217
0.122218035161495
-0.201708436012268
0.126288145780563
-0.077702544629574
0.169092312455177
-0.021641660481691
-0.228264093399048
-0.013848301023245
0.064816594123840
-0.127504840493202
-0.084091059863567
0.054203033447266
-0.003434917656705
0.026396464556456
0.071969226002693
0.029814740642905
-0.055964995175600
-0.190324053168297
-0.064037136733532
-0.007670517545193
-0.068017758429050
0.097917519509792
-0.035482712090015
0.069980092346668
0.124648422002792
0.107457973062992
0.161424458026886
-0.047542802989483
0.123905330896378
0.199507847428322
0.143637701869011
-0.092250898480415
0.141549184918404
0.096732020378113
-0.024992203339934
-0.123232573270798
-0.157697573304176
-0.165543302893639
-0.121494382619858
0.072184905409813
-0.149368941783905
0.168318405747414
-0.106360271573067
0.088816903531551
0.227924570441246
-0.120275370776653
-0.048878464847803
0.125906378030777
0.146253496408463
-0.104409128427505
0.052840597927570
-0.157116115093231
0.029346339404583
0.054023452103138
0.118014484643936
0.196326181292534
0.002755816327408
-0.055153250694275
0.009955574758351
-0.143661364912987
0.165593147277832
-0.144783496856689
-0.145187169313431
0.164724305272102
0.188684180378914
-0.253843009471893
0.168664619326591
-0.052120417356491
0.170351505279541
0.159777373075485
-0.041773017495871
-0.120291531085968
0.020758893340826
0.149649590253830
-0.030344530940056
-0.207648053765297
0.095320723950863
0.080563865602016
0.213791072368622
-0.081566452980042
-0.150663748383522
0.205748811364174
0.038156129419804
0.174894660711288
-0.090621136128902
0.157854452729225
-0.053871631622314
0.081166662275791
-0.061569824814796
0.098472274839878
0.184491753578186
0.055396411567926
0.060773666948080
-0.110026836395264
0.036017820239067
-0.057259924709797
0.033225256949663
-0.012507081963122
-0.093032293021679
0.122033670544624
0.051669821143150
0.121503897011280
0.165708795189857
0.245979189872742
-0.214553534984589
0.072734348475933
-0.089222289621830
-0.018238306045532
-0.043387524783611
0.025756102055311
-0.204194352030754
-0.127277344465256
0.055715382099152
0.082541570067406
0.019767615944147
0.150466188788414
-0.090172193944454
0.109518066048622
-0.007142940536141
-0.116054117679596
0.144619747996330
0.022507419809699
-0.168718412518501
0.110677897930145
0.220243081450462
-0.026736294850707
-0.025283806025982
-0.121288001537323
0.000501436647028
-0.152731314301491
0.149838447570801
-0.027485458180308
-0.088856376707554
0.173718646168709
-0.056534465402365
0.051327742636204
0.123039096593857
0.050111781805754
-0.011458592489362
-0.007682708092034
0.080568857491016
-0.192828238010406
0.217464745044708
-0.224992468953133
0.031430762261152
-0.192194700241089
-0.112962983548641
0.151934325695038
-0.083400666713715
0.226975917816162
0.074789538979530
-0.177532657980919
-0.098409540951252
0.143752440810204
-0.107057392597198
0.065902777016163
-0.088337197899818
-0.290658444166183
-0.121862784028053
-0.114541910588741
-0.144443854689598
0.180763006210327
0.039329964667559
0.096650227904320
-0.169720992445946
-0.158251076936722
0.266769856214523
0.084596000611782
-0.029514355584979
-0.137043431401253
0.175966426730156
0.007610508706421
-0.148048982024193
-0.205147102475166
-0.005999683868140
-0.123077899217606
-0.072833277285099
0.083811670541763
-0.218010798096657
-0.081475980579853
-0.160338684916496
-0.055938750505447
0.102906271815300
0.088960990309715
0.104860827326775
-0.010515929199755
0.023580079898238
0.202293440699577
-0.149968624114990
0.128162905573845
-0.181911706924438
0.040516279637814
0.065199710428715
-0.170141249895096
0.101463586091995
-0.161185592412949
0.175071209669113
-0.114262662827969
0.014681826345623
-0.212070614099503
-0.002335155615583
-0.087757788598537
0.090826697647572
-0.182450890541077
0.102048806846142
-0.022188099101186
-0.090519815683365
-0.175205349922180
-0.055986057966948
-0.124549992382526
-0.036584295332432
-0.064397484064102
0.208669960498810
-0.188160493969917
-0.004731332417578
0.125162854790688
0.053865749388933
0.001563851139508
0.188850551843643
-0.045867446810007
0.162828668951988
0.106586262583733
0.100473962724209
0.008154852315784
0.065495088696480
-0.172991633415222
-0.053850952535868
0.021435806527734
-0.052328277379274
0.168335199356079
-0.178971007466316
0.165101423859596
0.042553272098303
-0.037542484700680
-0.177489683032036
0.220356643199921
0.003276823088527
0.084922149777412
-0.017751699313521
0.170793563127518
-0.108164303004742
0.098650075495243
-0.088935039937496
-0.048409070819616
0.130760356783867
0.183156758546829
0.024654947221279
0.202201902866364
-0.106670074164867
-0.040502898395061
-0.055842306464911
0.122674569487572
-0.076544888317585
0.113036423921585
-0.200348973274231
0.129782050848007
0.044740557670593
0.182931512594223
0.109706543385983
0.115012049674988
-0.037007898092270
0.111800804734230
-0.085921078920364
0.204462945461273
-0.202877566218376
-0.241542294621468
0.180975839495659
-0.032554000616074
-0.093368843197823
-0.041394334286451
-0.080152206122875
0.100889973342419
-0.218504846096039
0.002080778358504
0.055179532617331
0.124045386910439
-0.132597953081131
0.040508754551411
0.169521331787109
-0.072236984968185
0.146037489175797
-0.210889562964439
0.210703387856483
0.163495600223541
0.121763966977596
0.061324648559093
-0.155427277088165
-0.061964664608240
-0.007475806865841
-0.102310135960579
0.109897956252098
-0.077681057155132
0.051544230431318
-0.051286339759827
0.151606351137161
0.188370302319527
0.140038028359413
0.099964193999767
0.028672210872173
0.137835085391998
0.030440468341112
0.055753521621227
-0.080053202807903
0.130805999040604
-0.159551382064819
-0.055592596530914
-0.087554462254047
-0.055856902152300
0.004448027815670
0.099171489477158
0.206557720899582
0.102037094533443
-0.029856439679861
0.173940390348434
-0.159630671143532
-0.069437488913536
0.121638290584087
-0.173235118389130
-0.010262904688716
-0.033670362085104
-0.178319543600082
0.217400535941124
0.128455847501755
0.105568774044514
-0.212353095412254
0.128871828317642
0.084528416395187
0.070851139724255
0.174720868468285
-0.008519818075001
0.144633769989014
-0.171030923724174
-0.058953627943993
0.016218107193708
0.031798224896193
-0.099521085619926
-0.134385332465172
-0.034010991454124
0.141127720475197
-0.014096448197961
0.172143504023552
0.192097768187523
0.055503230541945
-0.109585434198380
-0.243952438235283
0.187631890177727
-0.176164492964745
-0.182050481438637
-0.197215497493744
0.170484155416489
0.088234826922417
-0.014171115122736
-0.034958716481924
-0.192980393767357
-0.192181482911110
-0.135878965258598
-0.195491343736649
0.204993411898613
0.035962101072073
-0.155044347047806
0.029520329087973
0.005062567535788
-0.155435651540756
-0.177297934889793
0.092474773526192
-0.019419364631176
-0.083194345235825
0.106288507580757
-0.136361435055733
-0.067475147545338
-0.097675532102585
-0.140068382024765
0.088620111346245
-0.259763211011887
-0.008092884905636
0.124965511262417
-0.053057946264744
0.066039092838764
0.145268604159355
0.125966265797615
-0.097500167787075
-0.154701068997383
-0.057450633496046
-0.142448648810387
-0.043171796947718
-0.026434855535626
0.066388569772243
0.156921520829201
0.088959261775017
-0.209995999932289
0.039922356605530
-0.050311081111431
-0.114224940538406
-0.076475404202938
0.009290925227106
0.090553633868694
-0.036237362772226
-0.041917532682419
0.105465434491634
0.082537740468979
0.160815954208374
-0.132938325405121
0.152330935001373
0.207004338502884
0.160985991358757
-0.080896526575089
-0.044148363173008
-0.122898884117603
-0.191060841083527
-0.166412532329559
0.019223704934120
-0.050869762897491
-0.124142929911613
0.025045381858945
-0.147551819682121
0.115975938737392
0.121132850646973
-0.085785448551178
0.097977295517921
0.070546574890614
-0.129295453429222
-0.001285527483560
-0.076984606683254
0.160728707909584
0.031661007553339
0.241372957825661
-0.143231660127640
0.091564759612083
0.094608440995216
-0.118069298565388
-0.155258059501648
-0.144231781363487
0.108821436762810
0.112417489290237
-0.213420853018761
-0.102758064866066
-0.021623495966196
-0.096005976200104
-0.000338545767590
-0.084353812038898
-0.085515335202217
-0.076045043766499
-0.111697547137737
-0.108952343463898
0.160911902785301
0.036649819463491
0.111822582781315
0.053339242935181
0.198276236653328
0.110120646655560
0.118059664964676
0.202982783317566
0.227500632405281
-0.032992232590914
0.081136152148247
0.130258008837700
-0.134014144539833
-0.200243815779686
-0.083584725856781
-0.019010134041309
0.010684270411730
0.048574186861515
-0.112838357686996
-0.158988624811172
-0.111167095601559
-0.212558940052986
0.128778368234634
0.136625260114670
0.160702481865883
0.090682804584503
0.009099917486310
0.133525222539902
0.120531693100929
-0.005540593527257
0.191257268190384
-0.359171897172928
-0.203632459044456
0.142607763409615
0.054848197847605
-0.181890711188316
0.019914438948035
0.111227035522461
0.100369937717915
-0.165818840265274
0.132687270641327
-0.012266604229808
-0.021794572472572
0.139167845249176
0.225383102893829
0.126221284270287
-0.026372721418738
0.020282473415136
0.007875663228333
0.127082347869873
-0.084025368094444
0.153107762336731
0.117078833281994
0.134088188409805
0.281572341918945
0.188947394490242
0.041542448103428
0.098477222025394
0.039271939545870
-0.187312081456184
0.143807098269463
-0.140524864196777
-0.153408706188202
-0.266536891460419
-0.170490607619286
-0.040504053235054
-0.153618052601814
0.045850083231926
0.159943014383316
-0.122358344495296
-0.071516714990139
0.157595396041870
-0.179838269948959
-0.022047322243452
0.018946576863527
0.224209576845169
-0.058527741581202
-0.035221792757511
0.134825721383095
-0.171692118048668
-0.147407352924347
0.090292014181614
0.044909108430147
-0.129964366555214
-0.198503613471985
0.198031991720200
0.093686684966087
0.152424767613411
0.157461449503899
-0.065338850021362
-0.295433282852173
0.160563528537750
-0.116410203278065
0.201919138431549
-0.170494094491005
0.022002764046192
-0.169721037149429
0.000191870291019
-0.144979476928711
-0.198384881019592
-0.120010927319527
-0.103522591292858
-0.058965001255274
-0.105066142976284
0.161073520779610
0.214991331100464
-0.090018980205059
0.072767361998558
-0.121010057628155
0.001831216854043
0.062493070960045
0.079299516975880
-0.165819153189659
0.004355656914413
0.133314326405525
-0.035055615007877
0.013741186819971
0.001205759472214
0.122234463691711
0.069062881171703
0.086450763046741
-0.168931618332863
0.199405401945114
0.075018763542175
0.130382984876633
0.040724802762270
0.186898231506348
0.086952365934849
0.114016905426979
0.061333589255810
0.097557537257671
0.030780993402004
0.052342172712088
-0.086593233048916
0.065339118242264
0.169822379946709
0.032058112323284
-0.142769992351532
0.120025925338268
-0.039225358515978
-0.026165744289756
-0.132630810141563
-0.016552690416574
-0.062212329357862
-0.006777389440686
0.087315566837788
0.126611769199371
-0.123149171471596
-0.005730228498578
0.275694042444229
0.018632709980011
0.051774859428406
0.120944656431675
-0.026794722303748
-0.145722046494484
0.203448861837387
-0.340341359376907
-0.160060480237007
0.172546923160553
-0.112149715423584
0.128857478499413
0.085511803627014
-0.026621727272868
-0.098539941012859
0.016783157363534
-0.007861959747970
-0.064351335167885
0.124252833425999
-0.185797199606895
0.217985630035400
0.177070125937462
0.144950732588768
-0.136612385511398
0.052466720342636
-0.082509867846966
-0.039797652512789
0.041199117898941
0.139524534344673
-0.160285800695419
-0.056674979627132
-0.071398831903934
-0.311284184455872
-0.161062911152840
-0.187718704342842
-0.004457453265786
-0.284896999597549
0.044056005775928
-0.046282824128866
-0.056569267064333
0.063884645700455
-0.068292580544949
0.097439274191856
-0.208811983466148
0.076089158654213
0.085224151611328
0.084809757769108
-0.127894952893257
-0.130550101399422
0.202885255217552
-0.085511244833469
-0.017309408634901
-0.166029557585716
0.248503327369690
0.086365312337875
0.057994253933430
-0.044672951102257
-0.144866943359375
0.019194517284632
0.035973198711872
-0.034655768424273
0.047543346881866
-0.232095748186111
-0.236032426357269
-0.149206876754761
0.211441308259964
0.146830871701241
-0.133263111114502
-0.098395206034184
0.067541114985943
-0.111966617405415
-0.086648836731911
-0.041143823415041
-0.194093465805054
-0.189617067575455
-0.011874436400831
0.006904902402312
0.088583491742611
0.134833723306656
0.079347528517246
-0.036438781768084
0.122535601258278
-0.031210443004966
-0.052445255219936
0.026161614805460
0.211324408650398
-0.018588848412037
-0.059776499867439
0.038730099797249
-0.164138764142990
-0.049709603190422
0.076166324317455
-0.260252207517624
-0.088559314608574
0.094547756016254
0.201801404356956
-0.044316466897726
0.285818964242935
0.098214663565159
0.030381765216589
-0.211813375353813
-0.165909200906754
0.105450741946697
-0.122699022293091
0.150370255112648
-0.284893244504929
0.030807811766863
0.155046626925468
-0.077320076525211
0.170170634984970
-0.137667089700699
0.105233304202557
-0.035469830036163
0.175092443823814
-0.111892871558666
-0.009319455362856
-0.096749372780323
-0.088678255677223
-0.112547338008881
-0.161798402667046
-0.141214251518250
-0.122480824589729
0.105733282864094
-0.172077834606171
-0.150150164961815
0.004815484397113
-0.000095009418146
0.090182274580002
0.238925024867058
-0.173997595906258
-0.125621289014816
0.033556934446096
0.177277401089668
0.021091490983963
-0.273010462522507
0.045576650649309
-0.042995035648346
0.186518669128418
-0.085440188646317
-0.199425190687180
0.055612392723560
0.085245452821255
0.045442495495081
0.083785191178322
0.008418045006692
-0.037266314029694
-0.176857009530067
0.108568213880062
0.235020413994789
-0.014339022338390
-0.058170199394226
-0.105833791196346
0.014029188081622
0.100923523306847
-0.139037817716599
-0.042707875370979
-0.041204970330000
0.202714771032333
-0.112655930221081
0.104505792260170
0.186832264065742
-0.233358293771744
0.037274464964867
0.179235398769379
0.007264234125614
0.181607350707054
0.126896113157272
-0.064634889364243
0.075811743736267
0.009047939442098
-0.184560477733612
-0.133904010057449
0.047725915908813
-0.162889122962952
0.134304225444794
-0.121078364551067
0.173992082476616
0.165164828300476
-0.093890435993671
0.108114391565323
0.012212891131639
0.123247921466827
-0.019107608124614
0.078513294458389
0.130216151475906
-0.023866100236773
-0.140194460749626
-0.115441605448723
-0.067418389022350
-0.001312562148087
-0.193795859813690
-0.254570782184601
-0.048561550676823
-0.026134578511119
0.039418272674084
0.054164566099644
0.252441346645355
-0.150070369243622
0.069009244441986
-0.096532307565212
0.154057368636131
0.066715613007545
-0.008289411664009
-0.129318028688431
-0.095939345657825
0.188795909285545
-0.046795565634966
0.045482393354177
-0.156983390450478
0.048219617456198
-0.182853177189827
0.090738154947758
0.167444095015526
0.043607197701931
-0.026723209768534
-0.193332761526108
0.098909273743629
0.057398315519094
0.111734904348850
0.210134223103523
0.247775405645370
-0.184829473495483
0.119871221482754
0.046056412160397
0.102448694407940
-0.083354070782661
-0.087200559675694
-0.061080358922482
-0.094238325953484
-0.159643247723579
-0.061623588204384
0.069503687322140
0.140180513262749
-0.116765484213829
-0.262871026992798
-0.013823693618178
-0.202897593379021
0.136706069111824
-0.149256601929665
-0.185971945524216
0.004614155273885
0.167251735925674
0.173358947038651
-0.154604166746140
-0.119354166090488
-0.213610738515854
-0.111095465719700
0.110953830182552
-0.199434861540794
0.150009840726852
-0.037813093513250
0.200687229633331
0.038908958435059
0.071629755198956
-0.141385108232498
0.104521118104458
-0.135090097784996
0.161365926265717
0.006995365023613
-0.176658898591995
-0.130809336900711
0.147339537739754
-0.042394466698170
-0.138712137937546
0.057094320654869
0.133276939392090
-0.398894190788269
-0.005599093157798
-0.066768281161785
-0.142836794257164
0.134779989719391
0.138316154479980
0.311686635017395
-0.152962341904640
0.202806308865547
-0.029817678034306
-0.132230907678604
0.088913746178150
0.138952270150185
0.210271209478378
-0.151889994740486
0.168766960501671
0.153792083263397
-0.230501815676689
-0.179048284888268
-0.248982176184654
0.039891954511404
-0.074522532522678
-0.252975374460220
-0.031692028045654
-0.056095063686371
0.044793061912060
0.136233553290367
0.125449955463409
0.145872563123703
-0.061092734336853
-0.072854623198509
-0.059007070958614
0.201114460825920
-0.051735252141953
0.199600622057915
0.018890587612987
-0.109855920076370
0.110940858721733
-0.062791392207146
-0.023988137021661
-0.026670282706618
-0.251442611217499
0.101525828242302
0.154633402824402
0.207594737410545
-0.123038925230503
-0.123318374156952
-0.087469920516014
-0.000314362725476
0.060506638139486
0.021912422031164
-0.196779504418373
0.138604044914246
-0.172510281205177
-0.014264628291130
0.012289217673242
-0.003119081025943
0.099452406167984
-0.065509535372257
-0.132786974310875
-0.160409331321716
-0.091003201901913
-0.054547607898712
0.060747779905796
0.075761385262012
0.003608968574554
0.186438083648682
0.146190106868744
0.139872655272484
0.095883689820766
0.106538094580173
-0.027732094749808
-0.052118241786957
0.176248371601105
0.099897854030132
0.243305251002312
0.104082152247429
-0.022911882027984
-0.205997616052628
-0.179070651531219
0.132733061909676
-0.123636245727539
-0.164777144789696
0.109290443360806
0.069155588746071
0.008235368877649
-0.186464071273804
-0.118467390537262
0.069433726370335
0.022925427183509
-0.080483250319958
0.153168365359306
0.010901092551649
0.100367933511734
0.185586631298065
0.135366395115852
0.059500470757484
-0.059070132672787
-0.182492688298225
-0.282809317111969
0.165654718875885
0.058583360165358
-0.174455210566521
0.061829045414925
-0.037587318569422
0.211207032203674
0.153967052698135
0.109956257045269
0.255279898643494
-0.255134612321854
0.080556869506836
0.201871976256371
-0.035395883023739
0.067570924758911
-0.212197035551071
0.150758340954781
-0.017786759883165
0.150869280099869
-0.087737135589123
-0.008873463608325
0.107362896203995
-0.104901827871799
-0.157553240656853
-0.039459325373173
0.178966909646988
-0.011624742299318
0.182861655950546
0.123822011053562
-0.149100571870804
0.161123350262642
-0.328816324472427
0.133827865123749
0.074820980429649
0.089133016765118
-0.071126595139503
-0.194937691092491
0.187177672982216
-0.061504393815994
-0.007160876411945
0.033975057303905
0.111282132565975
-0.230291232466698
-0.136342406272888
0.025879137217999
0.062970817089081
-0.032705564051867
0.134776875376701
-0.155595198273659
-0.025794172659516
0.185357853770256
0.178980022668839
-0.125106707215309
0.137726023793221
-0.013857846148312
0.042143691331148
-0.200461536645889
0.021426884457469
-0.135349556803703
0.087487839162350
0.111308917403221
0.068601801991463
-0.121662937104702
0.174357175827026
0.007050196174532
-0.044764388352633
0.050303850322962
-0.209209039807320
0.099912196397781
0.048537265509367
0.110958710312843
-0.109369464218616
0.072452113032341
-0.297152161598206
0.114402420818806
0.090242981910706
-0.043797217309475
0.177822142839432
0.112261086702347
0.009889699518681
0.084733337163925
0.157018348574638
0.115443818271160
0.040515471249819
0.025099048390985
0.191613584756851
-0.106118693947792
-0.038426399230957
-0.339548647403717
-0.065366044640541
0.018141012638807
0.168140709400177
0.078388504683971
-0.107125461101532
-0.027359725907445
0.056069973856211
0.120359860360622
0.054496057331562
0.034372255206108
0.070227034389973
-0.114678643643856
-0.061804659664631
-0.173754662275314
-0.281025558710098
-0.138200581073761
0.066869765520096
0.006988862063736
0.022168017923832
-0.126095369458199
0.074026964604855
-0.182425439357758
0.197781428694725
-0.135134175419807
-0.072400145232677
-0.101961404085159
0.058036163449287
-0.171869426965714
0.077405422925949
0.034012798219919
0.106356725096703
-0.107975408434868
-0.136512562632561
-0.080796077847481
-0.075371973216534
0.037749599665403
-0.105066590011120
0.114849776029587
0.152754366397858
0.129106178879738
-0.204544663429260
-0.114121846854687
-0.276231616735458
-0.214960023760796
0.094022013247013
-0.106590785086155
-0.157130971550941
-0.025502912700176
0.103049002587795
-0.033870607614517
-0.174916446208954
-0.047441735863686
-0.120904922485352
-0.038860827684402
-0.061798602342606
-0.045645918697119
0.044930532574654
0.013323036022484
-0.186464875936508
0.022740855813026
-0.201032921671867
-0.142377629876137
0.023932529613376
-0.182813987135887
-0.065203152596951
-0.052909716963768
-0.122762210667133
0.045248523354530
-0.036868166178465
0.113388620316982
-0.338300406932831
0.172204554080963
-0.070581369102001
-0.206462740898132
0.074637450277805
-0.009788230061531
-0.001828172942623
0.130841732025146
0.176124230027199
0.058590143918991
0.006741628982127
0.049059443175793
-0.124075286090374
0.098080664873123
-0.279841631650925
0.201736107468605
0.071403548121452
-0.092165179550648
0.074382983148098
0.094694964587688
-0.115948021411896
-0.121900871396065
0.134576439857483
0.001647748635150
0.078768558800220
0.028910834342241
-0.003916653804481
0.101784870028496
0.032108340412378
0.000446272606496
0.239148542284966
0.110655538737774
-0.206523522734642
-0.063355021178722
-0.147216439247131
-0.073588535189629
-0.004268204327673
-0.093651287257671
0.062168311327696
0.004158098716289
0.178128108382225
0.128376185894012
-0.003898214083165
0.047077674418688
0.199033081531525
-0.070432879030704
0.175577327609062
0.093530461192131
0.133002325892448
0.246535390615463
0.165908053517342
-0.094282269477844
-0.055510975420475
0.001438934239559
-0.163358494639397
-0.001084782066755
-0.218618303537369
0.078063353896141
-0.013340339995921
0.031673986464739
-0.219103530049324
-0.185099571943283
0.145532757043839
